1000000	1000000	907.5202
1000000	2000000	497.9967
1000000	3000000	67.7641
1000000	4000000	4.9152
1000000	5000000	27.6568
1000000	6000000	70.3073
1000000	7000000	41.0185
1000000	8000000	50.9920
1000000	9000000	40.2547
1000000	10000000	20.5495
1000000	12000000	53.3564
1000000	13000000	49.7960
1000000	14000000	47.7176
1000000	15000000	48.7487
1000000	16000000	10.2550
1000000	17000000	32.7187
1000000	18000000	24.7258
1000000	19000000	21.9952
1000000	23000000	19.1923
1000000	24000000	33.2262
1000000	25000000	49.7715
1000000	26000000	28.0801
1000000	27000000	12.3948
1000000	28000000	16.3943
1000000	29000000	15.9422
1000000	30000000	8.9185
1000000	31000000	14.3529
1000000	32000000	11.5825
1000000	33000000	5.1038
1000000	34000000	9.1217
1000000	35000000	14.6162
1000000	36000000	12.7140
1000000	37000000	10.3532
1000000	38000000	11.3204
1000000	39000000	10.8622
1000000	40000000	13.9116
1000000	41000000	8.8321
1000000	42000000	10.3600
1000000	43000000	13.0366
1000000	44000000	12.5392
1000000	45000000	11.0424
1000000	46000000	8.8875
1000000	47000000	9.5541
1000000	48000000	10.5686
1000000	49000000	7.3352
1000000	50000000	7.4863
1000000	51000000	8.4492
1000000	52000000	11.7367
1000000	53000000	14.4861
1000000	54000000	8.0554
1000000	55000000	8.1146
1000000	56000000	7.6195
1000000	57000000	10.2773
1000000	58000000	10.3811
1000000	59000000	10.7669
1000000	60000000	9.5543
1000000	61000000	15.7529
1000000	62000000	7.7474
1000000	63000000	8.5511
1000000	64000000	9.0040
1000000	65000000	7.3923
1000000	66000000	9.5032
1000000	67000000	13.7632
1000000	68000000	10.1697
1000000	69000000	7.0054
1000000	70000000	8.5314
1000000	71000000	8.1945
1000000	72000000	8.2461
1000000	73000000	9.4610
1000000	74000000	5.7714
1000000	75000000	8.3182
1000000	76000000	2.1627
2000000	1000000	497.9967
2000000	2000000	3533.1905
2000000	3000000	798.5383
2000000	4000000	34.4065
2000000	5000000	160.3814
2000000	6000000	247.6464
2000000	7000000	197.4327
2000000	8000000	172.5915
2000000	9000000	137.3043
2000000	10000000	52.3974
2000000	11000000	1.6384
2000000	12000000	135.5858
2000000	13000000	116.5816
2000000	14000000	91.9277
2000000	15000000	135.5717
2000000	16000000	61.7929
2000000	17000000	135.6103
2000000	18000000	77.6791
2000000	19000000	64.9249
2000000	23000000	89.0980
2000000	24000000	136.4932
2000000	25000000	126.6791
2000000	26000000	72.5021
2000000	27000000	64.4687
2000000	28000000	66.2946
2000000	29000000	56.2885
2000000	30000000	36.7791
2000000	31000000	52.1490
2000000	32000000	54.8548
2000000	33000000	32.9949
2000000	34000000	56.0834
2000000	35000000	55.9179
2000000	36000000	42.5945
2000000	37000000	43.6020
2000000	38000000	45.6875
2000000	39000000	33.6225
2000000	40000000	49.3501
2000000	41000000	40.4107
2000000	42000000	35.1730
2000000	43000000	44.9933
2000000	44000000	42.3050
2000000	45000000	36.3675
2000000	46000000	33.6714
2000000	47000000	33.0174
2000000	48000000	51.2280
2000000	49000000	34.9972
2000000	50000000	29.0401
2000000	51000000	33.3469
2000000	52000000	40.8915
2000000	53000000	33.3124
2000000	54000000	44.9943
2000000	55000000	30.8149
2000000	56000000	19.8614
2000000	57000000	37.9352
2000000	58000000	38.4438
2000000	59000000	30.1975
2000000	60000000	35.1945
2000000	61000000	34.5870
2000000	62000000	28.3546
2000000	63000000	40.7690
2000000	64000000	29.0571
2000000	65000000	35.6783
2000000	66000000	32.5685
2000000	67000000	36.0149
2000000	68000000	32.3937
2000000	69000000	25.0417
2000000	70000000	29.2722
2000000	71000000	33.3114
2000000	72000000	35.4597
2000000	73000000	34.4037
2000000	74000000	21.4043
2000000	75000000	26.2621
2000000	76000000	5.2993
3000000	1000000	67.7641
3000000	2000000	798.5383
3000000	3000000	1550.5140
3000000	4000000	122.8814
3000000	5000000	224.6140
3000000	6000000	216.8395
3000000	7000000	139.5360
3000000	8000000	123.9807
3000000	9000000	102.2087
3000000	10000000	44.0076
3000000	11000000	4.0960
3000000	12000000	111.4391
3000000	13000000	63.5708
3000000	14000000	41.3845
3000000	15000000	73.7398
3000000	16000000	56.6974
3000000	17000000	97.0013
3000000	18000000	54.8264
3000000	19000000	64.2559
3000000	23000000	79.8779
3000000	24000000	113.6735
3000000	25000000	85.2358
3000000	26000000	39.9296
3000000	27000000	49.0631
3000000	28000000	48.9095
3000000	29000000	36.8320
3000000	30000000	30.0446
3000000	31000000	43.1421
3000000	32000000	35.9770
3000000	33000000	22.1558
3000000	34000000	29.4079
3000000	35000000	43.1408
3000000	36000000	30.1299
3000000	37000000	33.0547
3000000	38000000	36.1730
3000000	39000000	38.7689
3000000	40000000	31.1088
3000000	41000000	32.4764
3000000	42000000	22.2738
3000000	43000000	26.3162
3000000	44000000	28.6097
3000000	45000000	28.2788
3000000	46000000	20.5844
3000000	47000000	23.5020
3000000	48000000	29.5843
3000000	49000000	25.7144
3000000	50000000	19.1379
3000000	51000000	20.1266
3000000	52000000	21.6604
3000000	53000000	27.2505
3000000	54000000	22.1673
3000000	55000000	23.0536
3000000	56000000	17.0916
3000000	57000000	21.7606
3000000	58000000	22.4545
3000000	59000000	22.2566
3000000	60000000	22.9094
3000000	61000000	21.2959
3000000	62000000	16.7754
3000000	63000000	18.7547
3000000	64000000	19.2812
3000000	65000000	18.5676
3000000	66000000	23.2684
3000000	67000000	17.6139
3000000	68000000	24.7639
3000000	69000000	16.0997
3000000	70000000	20.6588
3000000	71000000	15.0195
3000000	72000000	14.4149
3000000	73000000	12.8463
3000000	74000000	12.5432
3000000	75000000	13.4956
3000000	76000000	3.7101
4000000	1000000	4.9152
4000000	2000000	34.4065
4000000	3000000	122.8814
4000000	4000000	32.7684
4000000	5000000	75.3669
4000000	6000000	42.5984
4000000	7000000	27.0336
4000000	8000000	9.8304
4000000	9000000	18.0224
4000000	10000000	3.2768
4000000	12000000	7.3728
4000000	13000000	6.5536
4000000	14000000	4.9152
4000000	15000000	4.0960
4000000	16000000	13.1072
4000000	17000000	22.1184
4000000	18000000	8.1920
4000000	19000000	8.1920
4000000	23000000	12.2880
4000000	24000000	11.4688
4000000	25000000	7.3728
4000000	26000000	4.9152
4000000	27000000	12.2880
4000000	28000000	12.2880
4000000	29000000	10.6496
4000000	30000000	6.5536
4000000	31000000	4.9152
4000000	32000000	7.3728
4000000	33000000	4.0960
4000000	34000000	9.0112
4000000	35000000	4.0960
4000000	36000000	5.7344
4000000	37000000	4.9152
4000000	38000000	3.2768
4000000	39000000	3.2768
4000000	40000000	9.0112
4000000	41000000	9.0112
4000000	42000000	9.0112
4000000	43000000	4.0960
4000000	44000000	4.9152
4000000	45000000	3.2768
4000000	46000000	2.4576
4000000	47000000	8.1920
4000000	48000000	9.0112
4000000	49000000	3.2768
4000000	50000000	3.2768
4000000	51000000	1.6384
4000000	52000000	4.0960
4000000	53000000	6.5536
4000000	54000000	4.0960
4000000	55000000	5.7344
4000000	56000000	5.7344
4000000	57000000	4.0960
4000000	58000000	4.0960
4000000	59000000	5.7344
4000000	60000000	4.0960
4000000	61000000	3.2768
4000000	62000000	9.0112
4000000	63000000	0.8192
4000000	64000000	4.0960
4000000	65000000	1.6384
4000000	66000000	3.2768
4000000	67000000	0.8192
4000000	68000000	4.0960
4000000	69000000	5.7344
4000000	70000000	3.2768
4000000	71000000	4.0960
4000000	72000000	2.4576
4000000	73000000	1.6384
4000000	74000000	2.4576
4000000	75000000	0.8192
4000000	76000000	1.6384
5000000	1000000	27.6568
5000000	2000000	160.3814
5000000	3000000	224.6140
5000000	4000000	75.3669
5000000	5000000	1057.1732
5000000	6000000	532.7397
5000000	7000000	260.7149
5000000	8000000	115.6179
5000000	9000000	73.7153
5000000	10000000	29.1819
5000000	11000000	2.4576
5000000	12000000	86.9773
5000000	13000000	40.8377
5000000	14000000	20.1642
5000000	15000000	51.0754
5000000	16000000	61.9942
5000000	17000000	110.9519
5000000	18000000	41.6692
5000000	19000000	53.8316
5000000	23000000	60.3346
5000000	24000000	73.3129
5000000	25000000	48.2809
5000000	26000000	22.7793
5000000	27000000	64.2594
5000000	28000000	44.8650
5000000	29000000	38.1484
5000000	30000000	27.3913
5000000	31000000	38.9967
5000000	32000000	45.3404
5000000	33000000	27.7893
5000000	34000000	37.2764
5000000	35000000	41.2272
5000000	36000000	27.2501
5000000	37000000	28.7386
5000000	38000000	46.6280
5000000	39000000	31.3423
5000000	40000000	31.0907
5000000	41000000	35.7962
5000000	42000000	28.1368
5000000	43000000	25.3273
5000000	44000000	23.4724
5000000	45000000	32.3901
5000000	46000000	24.2786
5000000	47000000	30.3406
5000000	48000000	32.6219
5000000	49000000	25.0670
5000000	50000000	22.9517
5000000	51000000	22.3879
5000000	52000000	28.3208
5000000	53000000	30.0702
5000000	54000000	27.7346
5000000	55000000	21.1357
5000000	56000000	14.8290
5000000	57000000	17.0139
5000000	58000000	16.0203
5000000	59000000	23.2806
5000000	60000000	23.4845
5000000	61000000	18.9418
5000000	62000000	19.7671
5000000	63000000	19.9263
5000000	64000000	20.3899
5000000	65000000	28.8997
5000000	66000000	18.6549
5000000	67000000	20.8906
5000000	68000000	30.8162
5000000	69000000	21.2832
5000000	70000000	18.1659
5000000	71000000	17.9713
5000000	72000000	19.1501
5000000	73000000	18.6902
5000000	74000000	12.7761
5000000	75000000	16.0355
5000000	76000000	2.6213
6000000	1000000	70.3073
6000000	2000000	247.6464
6000000	3000000	216.8395
6000000	4000000	42.5984
6000000	5000000	532.7397
6000000	6000000	2902.5608
6000000	7000000	889.7421
6000000	8000000	255.8843
6000000	9000000	143.6849
6000000	10000000	58.9665
6000000	11000000	4.9152
6000000	12000000	120.3076
6000000	13000000	83.8270
6000000	14000000	50.0687
6000000	15000000	91.5253
6000000	16000000	65.9898
6000000	17000000	129.9767
6000000	18000000	59.0342
6000000	19000000	64.0393
6000000	23000000	113.9070
6000000	24000000	121.3639
6000000	25000000	90.3198
6000000	26000000	50.3109
6000000	27000000	62.3176
6000000	28000000	60.1792
6000000	29000000	58.4549
6000000	30000000	40.7299
6000000	31000000	52.9947
6000000	32000000	62.8902
6000000	33000000	38.2137
6000000	34000000	43.6592
6000000	35000000	62.1126
6000000	36000000	41.4052
6000000	37000000	43.2041
6000000	38000000	41.6665
6000000	39000000	41.9836
6000000	40000000	46.7080
6000000	41000000	35.8275
6000000	42000000	38.7927
6000000	43000000	34.9049
6000000	44000000	34.2661
6000000	45000000	40.3649
6000000	46000000	27.5216
6000000	47000000	36.0680
6000000	48000000	37.4129
6000000	49000000	40.3131
6000000	50000000	35.5631
6000000	51000000	34.2201
6000000	52000000	33.7183
6000000	53000000	26.7921
6000000	54000000	35.0448
6000000	55000000	24.1701
6000000	56000000	21.7705
6000000	57000000	34.7937
6000000	58000000	33.0569
6000000	59000000	27.9239
6000000	60000000	34.8069
6000000	61000000	26.9604
6000000	62000000	25.8410
6000000	63000000	28.4575
6000000	64000000	24.9789
6000000	65000000	29.4429
6000000	66000000	30.1916
6000000	67000000	27.7183
6000000	68000000	29.9024
6000000	69000000	30.6201
6000000	70000000	24.3573
6000000	71000000	23.3521
6000000	72000000	24.1277
6000000	73000000	25.2464
6000000	74000000	21.4345
6000000	75000000	21.8413
6000000	76000000	5.6127
7000000	1000000	41.0185
7000000	2000000	197.4327
7000000	3000000	139.5360
7000000	4000000	27.0336
7000000	5000000	260.7149
7000000	6000000	889.7421
7000000	7000000	2422.7555
7000000	8000000	444.4838
7000000	9000000	195.7684
7000000	10000000	49.0173
7000000	11000000	5.7344
7000000	12000000	163.3259
7000000	13000000	67.0442
7000000	14000000	41.1212
7000000	15000000	71.4971
7000000	16000000	78.1558
7000000	17000000	151.9120
7000000	18000000	75.1477
7000000	19000000	66.6192
7000000	23000000	107.9912
7000000	24000000	127.2072
7000000	25000000	93.9608
7000000	26000000	40.0706
7000000	27000000	69.3502
7000000	28000000	69.7472
7000000	29000000	61.2165
7000000	30000000	49.9913
7000000	31000000	57.9641
7000000	32000000	55.3390
7000000	33000000	46.0009
7000000	34000000	50.4843
7000000	35000000	65.7627
7000000	36000000	43.2992
7000000	37000000	51.3292
7000000	38000000	59.9266
7000000	39000000	45.5264
7000000	40000000	42.7909
7000000	41000000	44.0986
7000000	42000000	45.6909
7000000	43000000	29.9787
7000000	44000000	39.1380
7000000	45000000	43.9091
7000000	46000000	35.3511
7000000	47000000	39.1939
7000000	48000000	40.6816
7000000	49000000	41.3191
7000000	50000000	28.1108
7000000	51000000	27.5368
7000000	52000000	40.7717
7000000	53000000	37.6029
7000000	54000000	34.0384
7000000	55000000	31.3207
7000000	56000000	18.0103
7000000	57000000	33.3799
7000000	58000000	36.1038
7000000	59000000	34.9065
7000000	60000000	34.9730
7000000	61000000	38.9355
7000000	62000000	30.8675
7000000	63000000	33.0464
7000000	64000000	30.1704
7000000	65000000	26.7995
7000000	66000000	34.0869
7000000	67000000	24.0676
7000000	68000000	32.1008
7000000	69000000	27.4798
7000000	70000000	36.0984
7000000	71000000	31.3611
7000000	72000000	28.5574
7000000	73000000	23.4116
7000000	74000000	30.5390
7000000	75000000	29.3903
7000000	76000000	4.2654
8000000	1000000	50.9920
8000000	2000000	172.5915
8000000	3000000	123.9807
8000000	4000000	9.8304
8000000	5000000	115.6179
8000000	6000000	255.8843
8000000	7000000	444.4838
8000000	8000000	2011.3247
8000000	9000000	461.0955
8000000	10000000	87.4402
8000000	11000000	5.7344
8000000	12000000	139.8636
8000000	13000000	87.8823
8000000	14000000	73.4409
8000000	15000000	142.8186
8000000	16000000	46.3752
8000000	17000000	135.1194
8000000	18000000	75.6116
8000000	19000000	74.8693
8000000	23000000	91.6064
8000000	24000000	108.4691
8000000	25000000	110.7042
8000000	26000000	81.5518
8000000	27000000	62.7138
8000000	28000000	65.6529
8000000	29000000	39.8726
8000000	30000000	35.4800
8000000	31000000	46.0867
8000000	32000000	45.2441
8000000	33000000	26.0707
8000000	34000000	32.7367
8000000	35000000	42.7730
8000000	36000000	42.8587
8000000	37000000	41.6935
8000000	38000000	39.3658
8000000	39000000	32.3240
8000000	40000000	38.5451
8000000	41000000	29.7862
8000000	42000000	30.0915
8000000	43000000	55.5076
8000000	44000000	43.0463
8000000	45000000	31.5652
8000000	46000000	20.8296
8000000	47000000	23.9662
8000000	48000000	35.2273
8000000	49000000	35.0941
8000000	50000000	28.7302
8000000	51000000	22.4372
8000000	52000000	37.1054
8000000	53000000	29.8475
8000000	54000000	27.4036
8000000	55000000	24.8274
8000000	56000000	15.9416
8000000	57000000	27.8492
8000000	58000000	25.1810
8000000	59000000	28.1813
8000000	60000000	30.3289
8000000	61000000	27.1208
8000000	62000000	19.8861
8000000	63000000	25.6652
8000000	64000000	24.8632
8000000	65000000	20.4445
8000000	66000000	24.5871
8000000	67000000	33.2912
8000000	68000000	25.2178
8000000	69000000	20.7883
8000000	70000000	24.5679
8000000	71000000	23.3472
8000000	72000000	16.3480
8000000	73000000	21.6723
8000000	74000000	25.4607
8000000	75000000	27.7905
8000000	76000000	5.4299
9000000	1000000	40.2547
9000000	2000000	137.3043
9000000	3000000	102.2087
9000000	4000000	18.0224
9000000	5000000	73.7153
9000000	6000000	143.6849
9000000	7000000	195.7684
9000000	8000000	461.0955
9000000	9000000	1945.2308
9000000	10000000	188.1749
9000000	11000000	6.5536
9000000	12000000	164.8775
9000000	13000000	91.0505
9000000	14000000	54.8624
9000000	15000000	97.6425
9000000	16000000	46.3595
9000000	17000000	105.8747
9000000	18000000	59.3317
9000000	19000000	54.0670
9000000	23000000	76.9069
9000000	24000000	108.9173
9000000	25000000	91.2071
9000000	26000000	50.7857
9000000	27000000	47.5668
9000000	28000000	49.9972
9000000	29000000	40.8592
9000000	30000000	29.9238
9000000	31000000	44.2353
9000000	32000000	46.0842
9000000	33000000	19.5880
9000000	34000000	35.5684
9000000	35000000	41.0196
9000000	36000000	33.9783
9000000	37000000	34.9053
9000000	38000000	33.0121
9000000	39000000	30.0212
9000000	40000000	37.2063
9000000	41000000	31.7739
9000000	42000000	35.2400
9000000	43000000	28.4974
9000000	44000000	30.8691
9000000	45000000	36.7334
9000000	46000000	19.6539
9000000	47000000	23.6101
9000000	48000000	33.4056
9000000	49000000	25.9848
9000000	50000000	24.1447
9000000	51000000	27.0354
9000000	52000000	24.9834
9000000	53000000	28.4316
9000000	54000000	30.4516
9000000	55000000	16.6203
9000000	56000000	11.4610
9000000	57000000	25.1840
9000000	58000000	26.0677
9000000	59000000	23.9089
9000000	60000000	21.1650
9000000	61000000	24.0473
9000000	62000000	20.9706
9000000	63000000	20.5283
9000000	64000000	18.1332
9000000	65000000	21.5544
9000000	66000000	22.1827
9000000	67000000	27.7931
9000000	68000000	21.7209
9000000	69000000	25.6738
9000000	70000000	20.1786
9000000	71000000	19.5412
9000000	72000000	19.6997
9000000	73000000	19.8837
9000000	74000000	18.0180
9000000	75000000	21.1303
9000000	76000000	3.9687
10000000	1000000	20.5495
10000000	2000000	52.3974
10000000	3000000	44.0076
10000000	4000000	3.2768
10000000	5000000	29.1819
10000000	6000000	58.9665
10000000	7000000	49.0173
10000000	8000000	87.4402
10000000	9000000	188.1749
10000000	10000000	503.0043
10000000	11000000	7.3728
10000000	12000000	168.1182
10000000	13000000	50.9627
10000000	14000000	44.5294
10000000	15000000	59.0922
10000000	16000000	18.2265
10000000	17000000	53.8241
10000000	18000000	24.2476
10000000	19000000	23.1335
10000000	23000000	22.4494
10000000	24000000	37.1345
10000000	25000000	39.6082
10000000	26000000	33.8192
10000000	27000000	14.7646
10000000	28000000	17.3282
10000000	29000000	12.0782
10000000	30000000	7.1104
10000000	31000000	8.8391
10000000	32000000	10.4387
10000000	33000000	3.5863
10000000	34000000	8.0395
10000000	35000000	18.0423
10000000	36000000	13.9862
10000000	37000000	13.6159
10000000	38000000	10.8081
10000000	39000000	8.4508
10000000	40000000	13.1658
10000000	41000000	11.7238
10000000	42000000	8.3962
10000000	43000000	17.9776
10000000	44000000	12.4987
10000000	45000000	9.3923
10000000	46000000	5.0541
10000000	47000000	5.9741
10000000	48000000	11.3626
10000000	49000000	7.6756
10000000	50000000	4.1813
10000000	51000000	6.3230
10000000	52000000	8.8568
10000000	53000000	8.8353
10000000	54000000	9.0050
10000000	55000000	6.2876
10000000	56000000	4.7609
10000000	57000000	8.1770
10000000	58000000	8.7210
10000000	59000000	7.2387
10000000	60000000	8.1519
10000000	61000000	8.2404
10000000	62000000	7.2533
10000000	63000000	6.3526
10000000	64000000	9.8241
10000000	65000000	5.3083
10000000	66000000	8.1668
10000000	67000000	10.6939
10000000	68000000	8.1947
10000000	69000000	7.9366
10000000	70000000	5.4085
10000000	71000000	5.8246
10000000	72000000	6.1202
10000000	73000000	6.9904
10000000	74000000	8.0795
10000000	75000000	4.3213
10000000	76000000	1.5168
11000000	2000000	1.6384
11000000	3000000	4.0960
11000000	5000000	2.4576
11000000	6000000	4.9152
11000000	7000000	5.7344
11000000	8000000	5.7344
11000000	9000000	6.5536
11000000	10000000	7.3728
11000000	12000000	11.4688
11000000	13000000	1.6384
11000000	14000000	0.8192
11000000	15000000	3.2768
11000000	16000000	3.2768
11000000	17000000	4.9152
11000000	18000000	3.2768
11000000	24000000	1.6384
11000000	25000000	0.8192
11000000	26000000	1.6384
11000000	27000000	0.8192
11000000	29000000	0.8192
11000000	30000000	2.4576
11000000	31000000	0.8192
11000000	32000000	1.6384
11000000	34000000	0.8192
11000000	35000000	0.8192
11000000	38000000	0.8192
11000000	39000000	0.8192
11000000	40000000	1.6384
11000000	41000000	1.6384
11000000	42000000	3.2768
11000000	43000000	0.8192
11000000	45000000	0.8192
11000000	46000000	1.6384
11000000	47000000	0.8192
11000000	48000000	0.8192
11000000	49000000	0.8192
11000000	52000000	1.6384
11000000	53000000	0.8192
11000000	54000000	2.4576
11000000	57000000	0.8192
11000000	59000000	0.8192
11000000	71000000	2.4576
11000000	74000000	0.8192
11000000	75000000	0.8192
12000000	1000000	53.3564
12000000	2000000	135.5858
12000000	3000000	111.4391
12000000	4000000	7.3728
12000000	5000000	86.9773
12000000	6000000	120.3076
12000000	7000000	163.3259
12000000	8000000	139.8636
12000000	9000000	164.8775
12000000	10000000	168.1182
12000000	11000000	11.4688
12000000	12000000	2285.3388
12000000	13000000	437.3293
12000000	14000000	136.9243
12000000	15000000	167.8548
12000000	16000000	53.5068
12000000	17000000	164.5349
12000000	18000000	83.5910
12000000	19000000	66.8539
12000000	23000000	74.3171
12000000	24000000	117.7573
12000000	25000000	113.7272
12000000	26000000	79.8152
12000000	27000000	56.5093
12000000	28000000	59.6920
12000000	29000000	37.7710
12000000	30000000	27.6645
12000000	31000000	39.5344
12000000	32000000	45.7652
12000000	33000000	30.2872
12000000	34000000	32.4556
12000000	35000000	53.4932
12000000	36000000	44.3908
12000000	37000000	44.0964
12000000	38000000	29.3639
12000000	39000000	33.7252
12000000	40000000	44.9913
12000000	41000000	35.0506
12000000	42000000	32.7189
12000000	43000000	43.6767
12000000	44000000	35.7491
12000000	45000000	35.2929
12000000	46000000	23.8601
12000000	47000000	26.3264
12000000	48000000	36.6418
12000000	49000000	25.8920
12000000	50000000	24.3070
12000000	51000000	26.6643
12000000	52000000	37.0322
12000000	53000000	30.5625
12000000	54000000	33.0345
12000000	55000000	19.8882
12000000	56000000	19.9948
12000000	57000000	29.7817
12000000	58000000	31.5673
12000000	59000000	23.4670
12000000	60000000	23.1326
12000000	61000000	22.0039
12000000	62000000	17.0283
12000000	63000000	23.6743
12000000	64000000	20.0396
12000000	65000000	21.5810
12000000	66000000	28.4926
12000000	67000000	30.9114
12000000	68000000	28.9957
12000000	69000000	22.3203
12000000	70000000	27.0162
12000000	71000000	21.5566
12000000	72000000	20.3566
12000000	73000000	22.7173
12000000	74000000	25.9171
12000000	75000000	19.5194
12000000	76000000	3.4028
13000000	1000000	49.7960
13000000	2000000	116.5816
13000000	3000000	63.5708
13000000	4000000	6.5536
13000000	5000000	40.8377
13000000	6000000	83.8270
13000000	7000000	67.0442
13000000	8000000	87.8823
13000000	9000000	91.0505
13000000	10000000	50.9627
13000000	11000000	1.6384
13000000	12000000	437.3293
13000000	13000000	3298.7338
13000000	14000000	559.3232
13000000	15000000	203.6119
13000000	16000000	41.0655
13000000	17000000	117.7004
13000000	18000000	69.9724
13000000	19000000	50.2866
13000000	23000000	48.5137
13000000	24000000	84.4938
13000000	25000000	106.3301
13000000	26000000	80.5924
13000000	27000000	40.0413
13000000	28000000	52.8425
13000000	29000000	34.6805
13000000	30000000	31.7419
13000000	31000000	39.0773
13000000	32000000	36.1596
13000000	33000000	21.7329
13000000	34000000	28.1881
13000000	35000000	38.6074
13000000	36000000	46.5480
13000000	37000000	35.4021
13000000	38000000	33.3380
13000000	39000000	39.9601
13000000	40000000	41.9347
13000000	41000000	32.3843
13000000	42000000	34.9753
13000000	43000000	49.6085
13000000	44000000	37.4587
13000000	45000000	33.9578
13000000	46000000	28.1698
13000000	47000000	25.5522
13000000	48000000	38.5972
13000000	49000000	31.2116
13000000	50000000	24.6020
13000000	51000000	28.9061
13000000	52000000	41.3995
13000000	53000000	41.6877
13000000	54000000	42.9184
13000000	55000000	23.3294
13000000	56000000	22.9578
13000000	57000000	27.2237
13000000	58000000	32.5242
13000000	59000000	32.4693
13000000	60000000	33.5169
13000000	61000000	28.1687
13000000	62000000	24.5094
13000000	63000000	29.9575
13000000	64000000	24.0204
13000000	65000000	29.6559
13000000	66000000	30.3442
13000000	67000000	39.1408
13000000	68000000	29.7291
13000000	69000000	32.0139
13000000	70000000	27.6115
13000000	71000000	26.3853
13000000	72000000	18.6976
13000000	73000000	29.4177
13000000	74000000	33.9534
13000000	75000000	27.5797
13000000	76000000	6.1405
14000000	1000000	47.7176
14000000	2000000	91.9277
14000000	3000000	41.3845
14000000	4000000	4.9152
14000000	5000000	20.1642
14000000	6000000	50.0687
14000000	7000000	41.1212
14000000	8000000	73.4409
14000000	9000000	54.8624
14000000	10000000	44.5294
14000000	11000000	0.8192
14000000	12000000	136.9243
14000000	13000000	559.3232
14000000	14000000	3404.8419
14000000	15000000	636.9039
14000000	16000000	24.8708
14000000	17000000	98.0185
14000000	18000000	75.7976
14000000	19000000	45.7211
14000000	23000000	25.7042
14000000	24000000	57.7276
14000000	25000000	113.4901
14000000	26000000	114.0749
14000000	27000000	35.5571
14000000	28000000	34.6024
14000000	29000000	27.0990
14000000	30000000	19.7572
14000000	31000000	25.6600
14000000	32000000	25.8313
14000000	33000000	14.1278
14000000	34000000	18.1269
14000000	35000000	31.6090
14000000	36000000	38.3175
14000000	37000000	30.6229
14000000	38000000	23.9108
14000000	39000000	27.8977
14000000	40000000	32.7686
14000000	41000000	25.7420
14000000	42000000	20.6886
14000000	43000000	73.6028
14000000	44000000	40.9355
14000000	45000000	27.3712
14000000	46000000	12.6664
14000000	47000000	19.1161
14000000	48000000	31.1784
14000000	49000000	25.5526
14000000	50000000	18.1850
14000000	51000000	25.9862
14000000	52000000	36.3214
14000000	53000000	34.1651
14000000	54000000	33.8714
14000000	55000000	17.3414
14000000	56000000	15.7856
14000000	57000000	28.2703
14000000	58000000	32.4341
14000000	59000000	25.9634
14000000	60000000	27.1071
14000000	61000000	25.4206
14000000	62000000	22.0852
14000000	63000000	26.0800
14000000	64000000	28.3992
14000000	65000000	27.2992
14000000	66000000	36.6719
14000000	67000000	61.9088
14000000	68000000	25.2733
14000000	69000000	26.4252
14000000	70000000	27.7060
14000000	71000000	23.2014
14000000	72000000	28.5953
14000000	73000000	32.8313
14000000	74000000	33.9234
14000000	75000000	32.4694
14000000	76000000	8.5728
15000000	1000000	48.7487
15000000	2000000	135.5717
15000000	3000000	73.7398
15000000	4000000	4.0960
15000000	5000000	51.0754
15000000	6000000	91.5253
15000000	7000000	71.4971
15000000	8000000	142.8186
15000000	9000000	97.6425
15000000	10000000	59.0922
15000000	11000000	3.2768
15000000	12000000	167.8548
15000000	13000000	203.6119
15000000	14000000	636.9039
15000000	15000000	3373.3013
15000000	16000000	203.1027
15000000	17000000	365.7340
15000000	18000000	143.4763
15000000	19000000	81.5794
15000000	23000000	62.4966
15000000	24000000	87.7886
15000000	25000000	168.4693
15000000	26000000	153.1806
15000000	27000000	55.2051
15000000	28000000	65.8799
15000000	29000000	36.0758
15000000	30000000	27.8482
15000000	31000000	42.0796
15000000	32000000	29.3828
15000000	33000000	22.5846
15000000	34000000	22.2465
15000000	35000000	53.0062
15000000	36000000	51.8341
15000000	37000000	40.7191
15000000	38000000	35.1190
15000000	39000000	37.8824
15000000	40000000	52.8045
15000000	41000000	32.8673
15000000	42000000	31.8129
15000000	43000000	79.2962
15000000	44000000	53.0031
15000000	45000000	34.2421
15000000	46000000	24.0440
15000000	47000000	31.6765
15000000	48000000	44.9838
15000000	49000000	31.7859
15000000	50000000	23.7897
15000000	51000000	30.4029
15000000	52000000	46.4473
15000000	53000000	52.1946
15000000	54000000	41.3093
15000000	55000000	24.9682
15000000	56000000	20.0906
15000000	57000000	34.0277
15000000	58000000	43.5796
15000000	59000000	28.1654
15000000	60000000	30.5004
15000000	61000000	24.4431
15000000	62000000	32.5713
15000000	63000000	29.6367
15000000	64000000	32.9658
15000000	65000000	29.0240
15000000	66000000	40.3412
15000000	67000000	56.7012
15000000	68000000	30.1096
15000000	69000000	32.4040
15000000	70000000	30.1699
15000000	71000000	24.9171
15000000	72000000	26.5802
15000000	73000000	31.7770
15000000	74000000	34.2700
15000000	75000000	26.9922
15000000	76000000	8.7769
16000000	1000000	10.2550
16000000	2000000	61.7929
16000000	3000000	56.6974
16000000	4000000	13.1072
16000000	5000000	61.9942
16000000	6000000	65.9898
16000000	7000000	78.1558
16000000	8000000	46.3752
16000000	9000000	46.3595
16000000	10000000	18.2265
16000000	11000000	3.2768
16000000	12000000	53.5068
16000000	13000000	41.0655
16000000	14000000	24.8708
16000000	15000000	203.1027
16000000	16000000	619.6262
16000000	17000000	553.1239
16000000	18000000	73.6911
16000000	19000000	34.5453
16000000	23000000	52.0749
16000000	24000000	68.8503
16000000	25000000	49.3478
16000000	26000000	22.2266
16000000	27000000	45.2371
16000000	28000000	42.8757
16000000	29000000	33.0893
16000000	30000000	26.0938
16000000	31000000	31.1110
16000000	32000000	28.1931
16000000	33000000	23.1799
16000000	34000000	36.7907
16000000	35000000	30.9461
16000000	36000000	16.8863
16000000	37000000	30.8883
16000000	38000000	25.1573
16000000	39000000	19.4806
16000000	40000000	25.6560
16000000	41000000	24.7180
16000000	42000000	23.3851
16000000	43000000	16.0622
16000000	44000000	17.7645
16000000	45000000	21.3140
16000000	46000000	16.3135
16000000	47000000	18.0987
16000000	48000000	18.2405
16000000	49000000	22.1161
16000000	50000000	21.8852
16000000	51000000	25.7471
16000000	52000000	24.4594
16000000	53000000	13.5954
16000000	54000000	18.0875
16000000	55000000	18.9509
16000000	56000000	11.6361
16000000	57000000	17.5564
16000000	58000000	12.8135
16000000	59000000	16.3583
16000000	60000000	19.9460
16000000	61000000	14.7851
16000000	62000000	14.9958
16000000	63000000	18.0482
16000000	64000000	11.8130
16000000	65000000	20.7221
16000000	66000000	9.2478
16000000	67000000	15.2868
16000000	68000000	16.7690
16000000	69000000	16.1828
16000000	70000000	17.3982
16000000	71000000	17.2831
16000000	72000000	15.6610
16000000	73000000	14.6206
16000000	74000000	14.5972
16000000	75000000	18.1170
16000000	76000000	2.9678
17000000	1000000	32.7187
17000000	2000000	135.6103
17000000	3000000	97.0013
17000000	4000000	22.1184
17000000	5000000	110.9519
17000000	6000000	129.9767
17000000	7000000	151.9120
17000000	8000000	135.1194
17000000	9000000	105.8747
17000000	10000000	53.8241
17000000	11000000	4.9152
17000000	12000000	164.5349
17000000	13000000	117.7004
17000000	14000000	98.0185
17000000	15000000	365.7340
17000000	16000000	553.1239
17000000	17000000	2479.8532
17000000	18000000	486.6754
17000000	19000000	155.8471
17000000	23000000	142.2651
17000000	24000000	173.8772
17000000	25000000	175.4846
17000000	26000000	103.5459
17000000	27000000	112.6110
17000000	28000000	103.9219
17000000	29000000	62.4190
17000000	30000000	53.9718
17000000	31000000	68.6632
17000000	32000000	64.6884
17000000	33000000	36.0635
17000000	34000000	59.7015
17000000	35000000	79.2811
17000000	36000000	70.4144
17000000	37000000	63.7869
17000000	38000000	59.4635
17000000	39000000	46.9710
17000000	40000000	51.1268
17000000	41000000	55.6213
17000000	42000000	48.1506
17000000	43000000	73.6681
17000000	44000000	57.9891
17000000	45000000	49.3705
17000000	46000000	38.1378
17000000	47000000	44.5510
17000000	48000000	52.5489
17000000	49000000	37.8560
17000000	50000000	35.1879
17000000	51000000	38.7570
17000000	52000000	51.3957
17000000	53000000	39.2502
17000000	54000000	55.0056
17000000	55000000	32.4041
17000000	56000000	28.7742
17000000	57000000	38.6426
17000000	58000000	37.9127
17000000	59000000	32.4205
17000000	60000000	41.9635
17000000	61000000	36.3892
17000000	62000000	33.2018
17000000	63000000	32.0467
17000000	64000000	38.5946
17000000	65000000	41.4518
17000000	66000000	37.2761
17000000	67000000	37.4120
17000000	68000000	34.2235
17000000	69000000	32.9785
17000000	70000000	26.7829
17000000	71000000	31.0787
17000000	72000000	31.5415
17000000	73000000	30.5204
17000000	74000000	32.3368
17000000	75000000	30.5986
17000000	76000000	5.0407
18000000	1000000	24.7258
18000000	2000000	77.6791
18000000	3000000	54.8264
18000000	4000000	8.1920
18000000	5000000	41.6692
18000000	6000000	59.0342
18000000	7000000	75.1477
18000000	8000000	75.6116
18000000	9000000	59.3317
18000000	10000000	24.2476
18000000	11000000	3.2768
18000000	12000000	83.5910
18000000	13000000	69.9724
18000000	14000000	75.7976
18000000	15000000	143.4763
18000000	16000000	73.6911
18000000	17000000	486.6754
18000000	18000000	2230.9247
18000000	19000000	757.3377
18000000	23000000	246.6963
18000000	24000000	221.8316
18000000	25000000	189.9330
18000000	26000000	115.2682
18000000	27000000	86.7382
18000000	28000000	119.8533
18000000	29000000	71.3627
18000000	30000000	55.0822
18000000	31000000	78.6975
18000000	32000000	75.8431
18000000	33000000	40.0042
18000000	34000000	54.5298
18000000	35000000	92.1487
18000000	36000000	95.6976
18000000	37000000	94.4819
18000000	38000000	64.1254
18000000	39000000	63.5420
18000000	40000000	79.7771
18000000	41000000	61.5457
18000000	42000000	68.1317
18000000	43000000	84.6912
18000000	44000000	76.9441
18000000	45000000	57.2400
18000000	46000000	32.5028
18000000	47000000	39.6485
18000000	48000000	52.1604
18000000	49000000	39.6882
18000000	50000000	33.2836
18000000	51000000	50.9382
18000000	52000000	58.4586
18000000	53000000	64.0399
18000000	54000000	43.7212
18000000	55000000	33.4967
18000000	56000000	28.0675
18000000	57000000	42.4496
18000000	58000000	44.5311
18000000	59000000	51.6314
18000000	60000000	42.4110
18000000	61000000	38.4669
18000000	62000000	36.8755
18000000	63000000	32.9866
18000000	64000000	40.2046
18000000	65000000	42.7004
18000000	66000000	35.2418
18000000	67000000	40.1637
18000000	68000000	42.1885
18000000	69000000	41.2197
18000000	70000000	38.8258
18000000	71000000	38.1471
18000000	72000000	41.6595
18000000	73000000	34.9335
18000000	74000000	33.2214
18000000	75000000	34.4205
18000000	76000000	6.9683
19000000	1000000	21.9952
19000000	2000000	64.9249
19000000	3000000	64.2559
19000000	4000000	8.1920
19000000	5000000	53.8316
19000000	6000000	64.0393
19000000	7000000	66.6192
19000000	8000000	74.8693
19000000	9000000	54.0670
19000000	10000000	23.1335
19000000	12000000	66.8539
19000000	13000000	50.2866
19000000	14000000	45.7211
19000000	15000000	81.5794
19000000	16000000	34.5453
19000000	17000000	155.8471
19000000	18000000	757.3377
19000000	19000000	1947.3068
19000000	23000000	495.9289
19000000	24000000	252.2475
19000000	25000000	162.1012
19000000	26000000	83.4638
19000000	27000000	84.1323
19000000	28000000	110.2348
19000000	29000000	78.5626
19000000	30000000	62.3888
19000000	31000000	80.1200
19000000	32000000	79.3635
19000000	33000000	49.1347
19000000	34000000	61.5376
19000000	35000000	90.0899
19000000	36000000	74.8000
19000000	37000000	66.6678
19000000	38000000	67.1433
19000000	39000000	73.3640
19000000	40000000	80.3944
19000000	41000000	67.2011
19000000	42000000	57.3013
19000000	43000000	68.2738
19000000	44000000	68.9179
19000000	45000000	54.8446
19000000	46000000	37.9557
19000000	47000000	41.5504
19000000	48000000	48.8609
19000000	49000000	48.9693
19000000	50000000	43.5745
19000000	51000000	49.3201
19000000	52000000	53.5953
19000000	53000000	48.2539
19000000	54000000	37.4815
19000000	55000000	32.7756
19000000	56000000	24.2175
19000000	57000000	41.9297
19000000	58000000	39.8921
19000000	59000000	41.0223
19000000	60000000	32.9519
19000000	61000000	28.2896
19000000	62000000	33.5782
19000000	63000000	31.1978
19000000	64000000	32.6773
19000000	65000000	35.2227
19000000	66000000	34.9903
19000000	67000000	30.7337
19000000	68000000	28.8928
19000000	69000000	30.0665
19000000	70000000	32.4879
19000000	71000000	26.4773
19000000	72000000	29.9202
19000000	73000000	22.3510
19000000	74000000	23.3785
19000000	75000000	33.4038
19000000	76000000	4.6348
23000000	1000000	19.1923
23000000	2000000	89.0980
23000000	3000000	79.8779
23000000	4000000	12.2880
23000000	5000000	60.3346
23000000	6000000	113.9070
23000000	7000000	107.9912
23000000	8000000	91.6064
23000000	9000000	76.9069
23000000	10000000	22.4494
23000000	12000000	74.3171
23000000	13000000	48.5137
23000000	14000000	25.7042
23000000	15000000	62.4966
23000000	16000000	52.0749
23000000	17000000	142.2651
23000000	18000000	246.6963
23000000	19000000	495.9289
23000000	23000000	2252.8279
23000000	24000000	927.7499
23000000	25000000	192.2788
23000000	26000000	54.2453
23000000	27000000	103.5720
23000000	28000000	133.1128
23000000	29000000	114.3315
23000000	30000000	72.3669
23000000	31000000	103.7352
23000000	32000000	105.5504
23000000	33000000	55.0068
23000000	34000000	88.1916
23000000	35000000	83.2189
23000000	36000000	62.3748
23000000	37000000	91.2643
23000000	38000000	78.4792
23000000	39000000	70.4583
23000000	40000000	70.7846
23000000	41000000	83.3128
23000000	42000000	86.7801
23000000	43000000	47.4214
23000000	44000000	51.5300
23000000	45000000	66.0251
23000000	46000000	49.8462
23000000	47000000	58.9525
23000000	48000000	57.2205
23000000	49000000	56.4542
23000000	50000000	51.0123
23000000	51000000	61.2719
23000000	52000000	42.1950
23000000	53000000	39.7900
23000000	54000000	40.2433
23000000	55000000	42.4687
23000000	56000000	31.4547
23000000	57000000	45.2160
23000000	58000000	45.2958
23000000	59000000	48.7645
23000000	60000000	36.2106
23000000	61000000	34.4234
23000000	62000000	33.9736
23000000	63000000	36.6441
23000000	64000000	34.0959
23000000	65000000	39.5972
23000000	66000000	30.2575
23000000	67000000	29.5421
23000000	68000000	35.8495
23000000	69000000	37.3210
23000000	70000000	32.4004
23000000	71000000	30.5708
23000000	72000000	28.1766
23000000	73000000	29.2975
23000000	74000000	19.4306
23000000	75000000	25.9877
23000000	76000000	4.5641
24000000	1000000	33.2262
24000000	2000000	136.4932
24000000	3000000	113.6735
24000000	4000000	11.4688
24000000	5000000	73.3129
24000000	6000000	121.3639
24000000	7000000	127.2072
24000000	8000000	108.4691
24000000	9000000	108.9173
24000000	10000000	37.1345
24000000	11000000	1.6384
24000000	12000000	117.7573
24000000	13000000	84.4938
24000000	14000000	57.7276
24000000	15000000	87.7886
24000000	16000000	68.8503
24000000	17000000	173.8772
24000000	18000000	221.8316
24000000	19000000	252.2475
24000000	23000000	927.7499
24000000	24000000	4125.0402
24000000	25000000	935.2417
24000000	26000000	111.4445
24000000	27000000	146.2802
24000000	28000000	149.6372
24000000	29000000	125.8121
24000000	30000000	89.3623
24000000	31000000	128.8544
24000000	32000000	127.9065
24000000	33000000	64.4652
24000000	34000000	110.5125
24000000	35000000	111.2180
24000000	36000000	95.4619
24000000	37000000	87.6795
24000000	38000000	100.9562
24000000	39000000	100.6279
24000000	40000000	72.7864
24000000	41000000	97.5495
24000000	42000000	97.3978
24000000	43000000	60.9517
24000000	44000000	85.9430
24000000	45000000	91.1447
24000000	46000000	62.4544
24000000	47000000	80.9503
24000000	48000000	92.0197
24000000	49000000	75.0847
24000000	50000000	62.3263
24000000	51000000	61.7977
24000000	52000000	61.8442
24000000	53000000	52.2188
24000000	54000000	59.3411
24000000	55000000	56.9323
24000000	56000000	35.0083
24000000	57000000	63.1328
24000000	58000000	46.3316
24000000	59000000	55.5334
24000000	60000000	39.5962
24000000	61000000	54.4471
24000000	62000000	51.1400
24000000	63000000	50.9932
24000000	64000000	44.1376
24000000	65000000	53.2821
24000000	66000000	44.8519
24000000	67000000	34.9902
24000000	68000000	44.9223
24000000	69000000	52.3849
24000000	70000000	46.8713
24000000	71000000	36.3050
24000000	72000000	47.0295
24000000	73000000	42.9608
24000000	74000000	38.3593
24000000	75000000	35.4583
24000000	76000000	6.9531
25000000	1000000	49.7715
25000000	2000000	126.6791
25000000	3000000	85.2358
25000000	4000000	7.3728
25000000	5000000	48.2809
25000000	6000000	90.3198
25000000	7000000	93.9608
25000000	8000000	110.7042
25000000	9000000	91.2071
25000000	10000000	39.6082
25000000	11000000	0.8192
25000000	12000000	113.7272
25000000	13000000	106.3301
25000000	14000000	113.4901
25000000	15000000	168.4693
25000000	16000000	49.3478
25000000	17000000	175.4846
25000000	18000000	189.9330
25000000	19000000	162.1012
25000000	23000000	192.2788
25000000	24000000	935.2417
25000000	25000000	3989.3207
25000000	26000000	478.2555
25000000	27000000	108.5871
25000000	28000000	119.7798
25000000	29000000	81.3103
25000000	30000000	48.2869
25000000	31000000	77.5302
25000000	32000000	66.0890
25000000	33000000	53.2893
25000000	34000000	52.3931
25000000	35000000	99.9836
25000000	36000000	99.0124
25000000	37000000	89.0394
25000000	38000000	61.0225
25000000	39000000	63.1166
25000000	40000000	87.7461
25000000	41000000	69.6235
25000000	42000000	58.7931
25000000	43000000	111.4312
25000000	44000000	80.1515
25000000	45000000	70.6470
25000000	46000000	42.5730
25000000	47000000	49.8113
25000000	48000000	74.2955
25000000	49000000	46.5268
25000000	50000000	36.8436
25000000	51000000	57.8101
25000000	52000000	83.7585
25000000	53000000	72.8223
25000000	54000000	75.7710
25000000	55000000	41.8551
25000000	56000000	29.0510
25000000	57000000	43.7439
25000000	58000000	57.5295
25000000	59000000	50.2138
25000000	60000000	50.7619
25000000	61000000	45.5813
25000000	62000000	33.6273
25000000	63000000	52.1069
25000000	64000000	46.7422
25000000	65000000	42.0239
25000000	66000000	44.1398
25000000	67000000	60.6321
25000000	68000000	44.7422
25000000	69000000	40.5909
25000000	70000000	43.0442
25000000	71000000	37.2117
25000000	72000000	41.4134
25000000	73000000	42.9125
