1000000	1000000	2.0440
1000000	3000000	1.0220
1000000	4000000	11.2420
1000000	5000000	9.1980
1000000	6000000	10.2200
1000000	7000000	8.1760
1000000	8000000	6.1320
1000000	9000000	6.1320
1000000	10000000	14.3080
1000000	11000000	9.1980
1000000	12000000	3.0660
1000000	13000000	3.0660
1000000	14000000	2.0440
1000000	15000000	10.2200
1000000	16000000	3.0660
1000000	17000000	1.0220
1000000	18000000	7.1540
1000000	19000000	4.0880
1000000	20000000	3.0660
1000000	21000000	1.0220
1000000	22000000	4.0880
1000000	23000000	4.0880
1000000	24000000	4.0880
1000000	25000000	2.0440
1000000	26000000	1.0220
1000000	27000000	2.0440
1000000	28000000	1.0220
1000000	29000000	1.0220
1000000	30000000	1.0220
1000000	34000000	1.0220
1000000	36000000	1.0220
1000000	37000000	1.0220
1000000	39000000	2.0440
1000000	40000000	1.0220
1000000	41000000	3.0660
1000000	42000000	2.0440
1000000	43000000	3.0660
1000000	44000000	2.0440
1000000	45000000	3.0660
1000000	47000000	2.0440
1000000	48000000	2.0440
1000000	49000000	3.0660
1000000	50000000	2.0440
1000000	51000000	2.0440
1000000	52000000	1.0220
1000000	53000000	3.0660
1000000	54000000	2.0440
1000000	55000000	2.0440
1000000	56000000	1.0220
1000000	57000000	1.0220
1000000	58000000	1.0220
1000000	59000000	1.0220
1000000	60000000	3.0660
1000000	61000000	1.0220
2000000	2000000	16.3520
2000000	3000000	67.4517
2000000	4000000	34.7480
2000000	5000000	29.6380
2000000	6000000	30.6600
2000000	7000000	11.2420
2000000	8000000	13.2860
2000000	9000000	14.3080
2000000	10000000	31.6820
2000000	11000000	25.5500
2000000	12000000	23.5060
2000000	13000000	6.1320
2000000	14000000	13.2860
2000000	15000000	10.2200
2000000	16000000	10.2200
2000000	17000000	15.3300
2000000	18000000	15.3300
2000000	19000000	19.4180
2000000	20000000	11.2420
2000000	21000000	1.0220
2000000	22000000	10.2200
2000000	23000000	11.2420
2000000	24000000	7.1540
2000000	25000000	17.3740
2000000	26000000	5.1100
2000000	27000000	2.0440
2000000	28000000	12.2640
2000000	29000000	4.0880
2000000	30000000	2.0440
2000000	31000000	3.0660
2000000	32000000	1.0220
2000000	33000000	4.0880
2000000	34000000	3.0660
2000000	35000000	4.0880
2000000	36000000	4.0880
2000000	37000000	4.0880
2000000	38000000	6.1320
2000000	39000000	6.1320
2000000	40000000	4.0880
2000000	41000000	3.0660
2000000	42000000	1.0220
2000000	43000000	8.1760
2000000	44000000	5.1100
2000000	45000000	6.1320
2000000	46000000	11.2420
2000000	47000000	6.1320
2000000	48000000	7.1540
2000000	49000000	6.1320
2000000	50000000	8.1760
2000000	51000000	14.3080
2000000	52000000	9.1980
2000000	53000000	4.0880
2000000	54000000	7.1540
2000000	55000000	4.0880
2000000	56000000	3.0660
2000000	57000000	3.0660
2000000	58000000	6.1320
2000000	59000000	11.2420
2000000	60000000	7.1540
2000000	61000000	10.2200
2000000	62000000	4.0880
3000000	1000000	1.0220
3000000	2000000	67.4517
3000000	3000000	171.6954
3000000	4000000	57.2320
3000000	5000000	59.2760
3000000	6000000	53.1440
3000000	7000000	45.9900
3000000	8000000	39.8580
3000000	9000000	44.9680
3000000	10000000	121.6178
3000000	11000000	68.4740
3000000	12000000	42.9240
3000000	13000000	33.7260
3000000	14000000	48.0340
3000000	15000000	39.8580
3000000	16000000	29.6380
3000000	17000000	39.8580
3000000	18000000	48.0340
3000000	19000000	35.7700
3000000	20000000	40.8800
3000000	21000000	5.1100
3000000	22000000	19.4180
3000000	23000000	28.6160
3000000	24000000	21.4620
3000000	25000000	24.5280
3000000	26000000	16.3520
3000000	27000000	13.2860
3000000	28000000	18.3960
3000000	29000000	17.3740
3000000	30000000	10.2200
3000000	31000000	9.1980
3000000	32000000	7.1540
3000000	33000000	16.3520
3000000	34000000	11.2420
3000000	35000000	8.1760
3000000	36000000	12.2640
3000000	37000000	16.3520
3000000	38000000	15.3300
3000000	39000000	18.3960
3000000	40000000	15.3300
3000000	41000000	14.3080
3000000	42000000	21.4620
3000000	43000000	15.3300
3000000	44000000	10.2200
3000000	45000000	23.5060
3000000	46000000	18.3960
3000000	47000000	11.2420
3000000	48000000	18.3960
3000000	49000000	32.7040
3000000	50000000	18.3960
3000000	51000000	23.5060
3000000	52000000	20.4400
3000000	53000000	20.4400
3000000	54000000	18.3960
3000000	55000000	14.3080
3000000	56000000	20.4400
3000000	57000000	19.4180
3000000	58000000	16.3520
3000000	59000000	19.4180
3000000	60000000	14.3080
3000000	61000000	23.5060
3000000	62000000	10.2200
4000000	1000000	11.2420
4000000	2000000	34.7480
4000000	3000000	57.2320
4000000	4000000	1943.0092
4000000	5000000	766.8684
4000000	6000000	356.3939
4000000	7000000	143.4068
4000000	8000000	110.3063
4000000	9000000	117.7454
4000000	10000000	136.1394
4000000	11000000	98.2444
4000000	12000000	69.8488
4000000	13000000	68.1718
4000000	14000000	93.3920
4000000	15000000	73.7947
4000000	16000000	69.4515
4000000	17000000	80.8972
4000000	18000000	70.3720
4000000	19000000	57.3093
4000000	20000000	41.9451
4000000	21000000	32.5662
4000000	22000000	89.4447
4000000	23000000	56.6129
4000000	24000000	53.5211
4000000	25000000	49.2970
4000000	26000000	39.8187
4000000	27000000	37.1935
4000000	28000000	39.1799
4000000	29000000	27.1460
4000000	30000000	21.7741
4000000	31000000	22.3071
4000000	32000000	20.1647
4000000	33000000	20.1757
4000000	34000000	19.3590
4000000	35000000	15.9862
4000000	36000000	19.6527
4000000	37000000	18.4772
4000000	38000000	32.6767
4000000	39000000	43.8068
4000000	40000000	26.0195
4000000	41000000	27.1582
4000000	42000000	27.0991
4000000	43000000	25.7754
4000000	44000000	27.6396
4000000	45000000	33.9360
4000000	46000000	37.9559
4000000	47000000	33.6252
4000000	48000000	31.8056
4000000	49000000	51.4349
4000000	50000000	43.2220
4000000	51000000	45.9359
4000000	52000000	37.9685
4000000	53000000	37.1992
4000000	54000000	30.8983
4000000	55000000	26.1050
4000000	56000000	30.1811
4000000	57000000	27.6549
4000000	58000000	32.1750
4000000	59000000	39.1225
4000000	60000000	32.2635
4000000	61000000	41.1103
4000000	62000000	19.1328
5000000	1000000	9.1980
5000000	2000000	29.6380
5000000	3000000	59.2760
5000000	4000000	766.8684
5000000	5000000	2301.4204
5000000	6000000	851.5751
5000000	7000000	241.8999
5000000	8000000	129.8209
5000000	9000000	124.4886
5000000	10000000	89.6890
5000000	11000000	81.1626
5000000	12000000	71.3710
5000000	13000000	40.6481
5000000	14000000	85.4852
5000000	15000000	71.6111
5000000	16000000	53.5684
5000000	17000000	71.2031
5000000	18000000	82.9685
5000000	19000000	72.6993
5000000	20000000	56.2584
5000000	21000000	38.9307
5000000	22000000	83.8247
5000000	23000000	58.7105
5000000	24000000	47.7607
5000000	25000000	50.4342
5000000	26000000	29.0129
5000000	27000000	29.3618
5000000	28000000	31.5587
5000000	29000000	28.1773
5000000	30000000	19.2767
5000000	31000000	22.6318
5000000	32000000	21.0156
5000000	33000000	19.0534
5000000	34000000	24.8137
5000000	35000000	18.3127
5000000	36000000	19.9666
5000000	37000000	25.1621
5000000	38000000	29.0573
5000000	39000000	35.8418
5000000	40000000	34.2024
5000000	41000000	33.4852
5000000	42000000	31.8647
5000000	43000000	28.8221
5000000	44000000	31.1181
5000000	45000000	37.4809
5000000	46000000	50.5718
5000000	47000000	43.9371
5000000	48000000	36.5093
5000000	49000000	52.1231
5000000	50000000	44.7852
5000000	51000000	46.9896
5000000	52000000	44.1228
5000000	53000000	44.4411
5000000	54000000	39.0688
5000000	55000000	40.2550
5000000	56000000	32.4282
5000000	57000000	38.0160
5000000	58000000	32.7568
5000000	59000000	37.1433
5000000	60000000	35.2238
5000000	61000000	38.4360
5000000	62000000	26.5631
6000000	1000000	10.2200
6000000	2000000	30.6600
6000000	3000000	53.1440
6000000	4000000	356.3939
6000000	5000000	851.5751
6000000	6000000	2731.9672
6000000	7000000	713.0160
6000000	8000000	218.8028
6000000	9000000	186.2530
6000000	10000000	122.2526
6000000	11000000	100.1950
6000000	12000000	84.1130
6000000	13000000	77.7038
6000000	14000000	99.2320
6000000	15000000	92.3265
6000000	16000000	87.9603
6000000	17000000	90.1005
6000000	18000000	83.7568
6000000	19000000	84.2105
6000000	20000000	66.6314
6000000	21000000	50.6885
6000000	22000000	111.3669
6000000	23000000	79.7070
6000000	24000000	69.7424
6000000	25000000	57.2699
6000000	26000000	36.4018
6000000	27000000	47.9834
6000000	28000000	45.0270
6000000	29000000	32.2868
6000000	30000000	32.3903
6000000	31000000	29.4708
6000000	32000000	28.5480
6000000	33000000	28.3429
6000000	34000000	24.3392
6000000	35000000	25.9577
6000000	36000000	22.3841
6000000	37000000	29.7553
6000000	38000000	33.6381
6000000	39000000	53.1780
6000000	40000000	33.7678
6000000	41000000	29.1775
6000000	42000000	33.3404
6000000	43000000	33.0855
6000000	44000000	33.5516
6000000	45000000	39.9554
6000000	46000000	43.5504
6000000	47000000	42.8212
6000000	48000000	43.7640
6000000	49000000	55.2850
6000000	50000000	51.9088
6000000	51000000	56.8535
6000000	52000000	47.9562
6000000	53000000	43.5883
6000000	54000000	36.5948
6000000	55000000	33.8181
6000000	56000000	35.1083
6000000	57000000	30.5799
6000000	58000000	40.1646
6000000	59000000	45.7540
6000000	60000000	40.1662
6000000	61000000	50.5493
6000000	62000000	24.9592
7000000	1000000	8.1760
7000000	2000000	11.2420
7000000	3000000	45.9900
7000000	4000000	143.4068
7000000	5000000	241.8999
7000000	6000000	713.0160
7000000	7000000	2326.4049
7000000	8000000	610.6979
7000000	9000000	303.0209
7000000	10000000	111.6068
7000000	11000000	88.2426
7000000	12000000	64.3035
7000000	13000000	45.8907
7000000	14000000	90.0529
7000000	15000000	65.9069
7000000	16000000	57.4783
7000000	17000000	76.1624
7000000	18000000	91.9356
7000000	19000000	68.6759
7000000	20000000	68.2041
7000000	21000000	36.6507
7000000	22000000	94.3918
7000000	23000000	53.9294
7000000	24000000	55.5811
7000000	25000000	54.6073
7000000	26000000	41.4766
7000000	27000000	33.2700
7000000	28000000	40.0079
7000000	29000000	29.6548
7000000	30000000	21.2178
7000000	31000000	17.8308
7000000	32000000	20.8952
7000000	33000000	19.6060
7000000	34000000	22.3713
7000000	35000000	21.4456
7000000	36000000	21.4034
7000000	37000000	18.2929
7000000	38000000	28.7207
7000000	39000000	40.8661
7000000	40000000	37.2348
7000000	41000000	28.8378
7000000	42000000	27.0966
7000000	43000000	32.4576
7000000	44000000	34.0175
7000000	45000000	44.5926
7000000	46000000	50.3239
7000000	47000000	42.7497
7000000	48000000	39.9958
7000000	49000000	48.9641
7000000	50000000	39.1523
7000000	51000000	46.7830
7000000	52000000	44.0595
7000000	53000000	42.4889
7000000	54000000	36.5423
7000000	55000000	33.5457
7000000	56000000	34.3429
7000000	57000000	38.1731
7000000	58000000	33.1670
7000000	59000000	37.9342
7000000	60000000	33.6400
7000000	61000000	39.3461
7000000	62000000	25.9694
8000000	1000000	6.1320
8000000	2000000	13.2860
8000000	3000000	39.8580
8000000	4000000	110.3063
8000000	5000000	129.8209
8000000	6000000	218.8028
8000000	7000000	610.6979
8000000	8000000	2441.9936
8000000	9000000	734.3357
8000000	10000000	113.8305
8000000	11000000	79.9038
8000000	12000000	71.8885
8000000	13000000	49.7744
8000000	14000000	78.9852
8000000	15000000	72.0469
8000000	16000000	60.5063
8000000	17000000	68.1944
8000000	18000000	72.0299
8000000	19000000	68.1836
8000000	20000000	55.5041
8000000	21000000	41.2917
8000000	22000000	100.8511
8000000	23000000	50.4558
8000000	24000000	50.8915
8000000	25000000	58.5903
8000000	26000000	46.1487
8000000	27000000	32.5354
8000000	28000000	37.3762
8000000	29000000	25.8414
8000000	30000000	21.5382
8000000	31000000	24.2672
8000000	32000000	17.8734
8000000	33000000	21.3637
8000000	34000000	22.5839
8000000	35000000	17.9303
8000000	36000000	18.5637
8000000	37000000	19.4760
8000000	38000000	28.4670
8000000	39000000	31.8278
8000000	40000000	27.8067
8000000	41000000	26.7462
8000000	42000000	29.3573
8000000	43000000	33.8960
8000000	44000000	26.9050
8000000	45000000	34.3856
8000000	46000000	43.1049
8000000	47000000	33.3255
8000000	48000000	37.6769
8000000	49000000	47.3815
8000000	50000000	49.6729
8000000	51000000	41.7011
8000000	52000000	39.8471
8000000	53000000	35.7482
8000000	54000000	33.1121
8000000	55000000	34.8733
8000000	56000000	31.7518
8000000	57000000	36.9071
8000000	58000000	37.8227
8000000	59000000	38.2811
8000000	60000000	40.2780
8000000	61000000	39.9927
8000000	62000000	26.0686
9000000	1000000	6.1320
9000000	2000000	14.3080
9000000	3000000	44.9680
9000000	4000000	117.7454
9000000	5000000	124.4886
9000000	6000000	186.2530
9000000	7000000	303.0209
9000000	8000000	734.3357
9000000	9000000	2384.0020
9000000	10000000	315.8684
9000000	11000000	86.8536
9000000	12000000	79.0681
9000000	13000000	49.0661
9000000	14000000	94.7815
9000000	15000000	88.2137
9000000	16000000	65.6526
9000000	17000000	81.7783
9000000	18000000	90.5067
9000000	19000000	78.7469
9000000	20000000	63.9022
9000000	21000000	51.7749
9000000	22000000	100.4766
9000000	23000000	69.9132
9000000	24000000	56.4103
9000000	25000000	62.0377
9000000	26000000	36.5899
9000000	27000000	32.4290
9000000	28000000	36.1397
9000000	29000000	26.0103
9000000	30000000	27.4562
9000000	31000000	25.3485
9000000	32000000	23.3592
9000000	33000000	20.0267
9000000	34000000	21.8466
9000000	35000000	19.6055
9000000	36000000	19.1966
9000000	37000000	21.2734
9000000	38000000	31.0631
9000000	39000000	35.1255
9000000	40000000	40.8169
9000000	41000000	30.8402
9000000	42000000	31.5590
9000000	43000000	37.2019
9000000	44000000	33.3008
9000000	45000000	47.2717
9000000	46000000	54.3264
9000000	47000000	47.0598
9000000	48000000	49.7079
9000000	49000000	48.5522
9000000	50000000	51.7400
9000000	51000000	52.4044
9000000	52000000	38.0991
9000000	53000000	52.2181
9000000	54000000	35.6768
9000000	55000000	30.3334
9000000	56000000	30.1046
9000000	57000000	35.2486
9000000	58000000	36.3711
9000000	59000000	45.0878
9000000	60000000	36.6121
9000000	61000000	50.0642
9000000	62000000	27.1092
10000000	1000000	14.3080
10000000	2000000	31.6820
10000000	3000000	121.6178
10000000	4000000	136.1394
10000000	5000000	89.6890
10000000	6000000	122.2526
10000000	7000000	111.6068
10000000	8000000	113.8305
10000000	9000000	315.8684
10000000	10000000	2905.5293
10000000	11000000	604.5222
10000000	12000000	206.9052
10000000	13000000	158.2928
10000000	14000000	114.8095
10000000	15000000	141.9480
10000000	16000000	158.4877
10000000	17000000	131.0164
10000000	18000000	77.3628
10000000	19000000	75.8159
10000000	20000000	60.3705
10000000	21000000	37.0065
10000000	22000000	93.5842
10000000	23000000	89.4445
10000000	24000000	97.0987
10000000	25000000	59.2524
10000000	26000000	53.3640
10000000	27000000	71.9143
10000000	28000000	77.0040
10000000	29000000	50.4588
10000000	30000000	42.2102
10000000	31000000	39.2740
10000000	32000000	40.3512
10000000	33000000	35.8758
10000000	34000000	26.3286
10000000	35000000	32.2764
10000000	36000000	28.5383
10000000	37000000	28.9046
10000000	38000000	55.0929
10000000	39000000	68.1135
10000000	40000000	35.5837
10000000	41000000	26.9154
10000000	42000000	28.6061
10000000	43000000	45.2743
10000000	44000000	28.7640
10000000	45000000	38.4077
10000000	46000000	51.6430
10000000	47000000	41.8709
10000000	48000000	40.1539
10000000	49000000	56.3039
10000000	50000000	59.2908
10000000	51000000	64.1419
10000000	52000000	49.6139
10000000	53000000	42.1655
10000000	54000000	31.7116
10000000	55000000	37.8335
10000000	56000000	35.5224
10000000	57000000	31.9690
10000000	58000000	39.6844
10000000	59000000	60.4917
10000000	60000000	49.8741
10000000	61000000	55.4536
10000000	62000000	25.4251
11000000	1000000	9.1980
11000000	2000000	25.5500
11000000	3000000	68.4740
11000000	4000000	98.2444
11000000	5000000	81.1626
11000000	6000000	100.1950
11000000	7000000	88.2426
11000000	8000000	79.9038
11000000	9000000	86.8536
11000000	10000000	604.5222
11000000	11000000	2443.0006
11000000	12000000	759.9576
11000000	13000000	185.8439
11000000	14000000	193.9675
11000000	15000000	175.9844
11000000	16000000	141.1350
11000000	17000000	127.9820
11000000	18000000	88.4749
11000000	19000000	81.2358
11000000	20000000	65.3667
11000000	21000000	51.8298
11000000	22000000	122.6581
11000000	23000000	93.7138
11000000	24000000	81.8444
11000000	25000000	63.2684
11000000	26000000	43.0744
11000000	27000000	62.7244
11000000	28000000	61.4906
11000000	29000000	46.0804
11000000	30000000	40.7395
11000000	31000000	31.5337
11000000	32000000	41.0257
11000000	33000000	31.8645
11000000	34000000	32.6110
11000000	35000000	29.4932
11000000	36000000	26.0616
11000000	37000000	38.2053
11000000	38000000	45.6262
11000000	39000000	54.5081
11000000	40000000	36.7331
11000000	41000000	37.1375
11000000	42000000	29.8123
11000000	43000000	41.2874
11000000	44000000	37.7503
11000000	45000000	47.9735
11000000	46000000	46.5440
11000000	47000000	45.4011
11000000	48000000	42.6728
11000000	49000000	59.0802
11000000	50000000	53.6442
11000000	51000000	59.6378
11000000	52000000	47.0247
11000000	53000000	46.0625
11000000	54000000	43.3812
11000000	55000000	39.4687
11000000	56000000	37.8375
11000000	57000000	45.3608
11000000	58000000	40.2195
11000000	59000000	45.8579
11000000	60000000	53.0846
11000000	61000000	53.3941
11000000	62000000	23.9628
12000000	1000000	3.0660
12000000	2000000	23.5060
12000000	3000000	42.9240
12000000	4000000	69.8488
12000000	5000000	71.3710
12000000	6000000	84.1130
12000000	7000000	64.3035
12000000	8000000	71.8885
12000000	9000000	79.0681
12000000	10000000	206.9052
12000000	11000000	759.9576
12000000	12000000	2096.5781
12000000	13000000	550.0837
12000000	14000000	254.7834
12000000	15000000	197.9752
12000000	16000000	130.4232
12000000	17000000	129.6099
12000000	18000000	84.5121
12000000	19000000	64.8392
12000000	20000000	54.7827
12000000	21000000	36.3380
12000000	22000000	135.1823
12000000	23000000	87.9448
12000000	24000000	61.5880
12000000	25000000	57.7650
12000000	26000000	44.1407
12000000	27000000	46.4317
12000000	28000000	55.7457
12000000	29000000	43.9481
12000000	30000000	36.7330
12000000	31000000	31.9643
12000000	32000000	30.3892
12000000	33000000	38.6113
12000000	34000000	25.7676
12000000	35000000	27.8595
12000000	36000000	25.5479
12000000	37000000	29.4704
12000000	38000000	38.1241
12000000	39000000	59.3378
12000000	40000000	39.6492
12000000	41000000	32.2844
12000000	42000000	32.4571
12000000	43000000	37.7092
12000000	44000000	35.1899
12000000	45000000	42.4321
12000000	46000000	50.0279
12000000	47000000	36.7541
12000000	48000000	34.8608
12000000	49000000	54.9808
12000000	50000000	49.9735
12000000	51000000	52.9539
12000000	52000000	37.7619
12000000	53000000	37.4665
12000000	54000000	38.4212
12000000	55000000	38.5007
12000000	56000000	28.4026
12000000	57000000	35.0986
12000000	58000000	37.7252
12000000	59000000	43.3818
12000000	60000000	44.7143
12000000	61000000	46.6253
12000000	62000000	25.5634
13000000	1000000	3.0660
13000000	2000000	6.1320
13000000	3000000	33.7260
13000000	4000000	68.1718
13000000	5000000	40.6481
13000000	6000000	77.7038
13000000	7000000	45.8907
13000000	8000000	49.7744
13000000	9000000	49.0661
13000000	10000000	158.2928
13000000	11000000	185.8439
13000000	12000000	550.0837
13000000	13000000	2347.9129
13000000	14000000	638.5439
13000000	15000000	241.2233
13000000	16000000	160.5287
13000000	17000000	98.5517
13000000	18000000	51.5315
13000000	19000000	39.9509
13000000	20000000	35.0641
13000000	21000000	23.0493
13000000	22000000	73.9050
13000000	23000000	69.6202
13000000	24000000	71.7977
13000000	25000000	52.0469
13000000	26000000	40.8287
13000000	27000000	54.4458
13000000	28000000	68.2458
13000000	29000000	29.0005
13000000	30000000	34.1427
13000000	31000000	37.9021
13000000	32000000	33.7748
13000000	33000000	26.3567
13000000	34000000	23.4847
13000000	35000000	27.6548
13000000	36000000	19.9878
13000000	37000000	16.5244
13000000	38000000	48.0719
13000000	39000000	57.3507
13000000	40000000	28.0489
13000000	41000000	17.2754
13000000	42000000	22.1271
13000000	43000000	32.0443
13000000	44000000	26.2469
13000000	45000000	27.8633
13000000	46000000	31.7366
13000000	47000000	28.9376
13000000	48000000	31.5733
13000000	49000000	43.5233
13000000	50000000	46.0735
13000000	51000000	37.2475
13000000	52000000	34.5558
13000000	53000000	35.2155
13000000	54000000	34.4136
13000000	55000000	24.5888
13000000	56000000	26.1526
13000000	57000000	25.6938
13000000	58000000	29.6186
13000000	59000000	44.6544
13000000	60000000	42.7489
13000000	61000000	48.8579
13000000	62000000	15.3901
14000000	1000000	2.0440
14000000	2000000	13.2860
14000000	3000000	48.0340
14000000	4000000	93.3920
14000000	5000000	85.4852
14000000	6000000	99.2320
14000000	7000000	90.0529
14000000	8000000	78.9852
14000000	9000000	94.7815
14000000	10000000	114.8095
14000000	11000000	193.9675
14000000	12000000	254.7834
14000000	13000000	638.5439
14000000	14000000	2941.3952
14000000	15000000	779.0569
14000000	16000000	196.2204
14000000	17000000	174.2437
14000000	18000000	122.9814
14000000	19000000	94.1784
14000000	20000000	72.9387
14000000	21000000	56.3827
14000000	22000000	163.1743
14000000	23000000	93.8385
14000000	24000000	85.7696
14000000	25000000	62.4558
14000000	26000000	47.4370
14000000	27000000	57.4562
14000000	28000000	61.3818
14000000	29000000	53.9009
14000000	30000000	38.0603
14000000	31000000	44.0785
14000000	32000000	36.8940
14000000	33000000	35.8402
14000000	34000000	38.4811
14000000	35000000	36.0641
14000000	36000000	40.2321
14000000	37000000	40.7618
14000000	38000000	55.3018
14000000	39000000	59.7719
14000000	40000000	43.8770
14000000	41000000	42.2499
14000000	42000000	37.1823
14000000	43000000	45.1986
14000000	44000000	43.4460
14000000	45000000	44.5893
14000000	46000000	61.6072
14000000	47000000	54.6703
14000000	48000000	51.9415
14000000	49000000	63.4182
14000000	50000000	62.2853
14000000	51000000	66.7651
14000000	52000000	55.9590
14000000	53000000	57.4899
14000000	54000000	42.2391
14000000	55000000	41.3944
14000000	56000000	43.6531
14000000	57000000	46.1665
14000000	58000000	40.8792
14000000	59000000	56.4141
14000000	60000000	59.8577
14000000	61000000	59.7090
14000000	62000000	31.2066
15000000	1000000	10.2200
15000000	2000000	10.2200
15000000	3000000	39.8580
15000000	4000000	73.7947
15000000	5000000	71.6111
15000000	6000000	92.3265
15000000	7000000	65.9069
15000000	8000000	72.0469
15000000	9000000	88.2137
15000000	10000000	141.9480
15000000	11000000	175.9844
15000000	12000000	197.9752
15000000	13000000	241.2233
15000000	14000000	779.0569
15000000	15000000	2712.2454
15000000	16000000	614.7485
15000000	17000000	210.2395
15000000	18000000	98.5494
15000000	19000000	72.2691
15000000	20000000	66.7433
15000000	21000000	45.0218
15000000	22000000	162.4155
15000000	23000000	100.1150
15000000	24000000	83.3283
15000000	25000000	63.6070
15000000	26000000	50.7780
15000000	27000000	77.9339
15000000	28000000	76.2949
15000000	29000000	53.3062
15000000	30000000	38.2663
15000000	31000000	45.8983
15000000	32000000	38.2529
15000000	33000000	48.1084
15000000	34000000	40.8843
15000000	35000000	39.1069
15000000	36000000	34.9829
15000000	37000000	32.5956
15000000	38000000	59.8481
15000000	39000000	73.2959
15000000	40000000	42.2927
15000000	41000000	37.7566
15000000	42000000	36.2108
15000000	43000000	45.7420
15000000	44000000	31.5075
15000000	45000000	49.9472
15000000	46000000	51.7936
15000000	47000000	43.4336
15000000	48000000	44.4447
15000000	49000000	63.7657
15000000	50000000	55.9969
15000000	51000000	67.5321
15000000	52000000	49.3982
15000000	53000000	51.3565
15000000	54000000	37.5175
15000000	55000000	35.0855
15000000	56000000	36.4615
15000000	57000000	46.0053
15000000	58000000	39.3794
15000000	59000000	65.2410
15000000	60000000	59.7308
15000000	61000000	61.6165
15000000	62000000	27.9101
16000000	1000000	3.0660
16000000	2000000	10.2200
16000000	3000000	29.6380
16000000	4000000	69.4515
16000000	5000000	53.5684
16000000	6000000	87.9603
16000000	7000000	57.4783
16000000	8000000	60.5063
16000000	9000000	65.6526
16000000	10000000	158.4877
16000000	11000000	141.1350
16000000	12000000	130.4232
16000000	13000000	160.5287
16000000	14000000	196.2204
16000000	15000000	614.7485
16000000	16000000	3140.9144
16000000	17000000	526.0603
16000000	18000000	119.3893
16000000	19000000	79.1848
16000000	20000000	62.6802
16000000	21000000	42.5359
16000000	22000000	100.7421
16000000	23000000	104.7320
16000000	24000000	91.7896
16000000	25000000	56.1760
16000000	26000000	57.0669
16000000	27000000	89.9081
16000000	28000000	94.1752
16000000	29000000	55.9774
16000000	30000000	48.4198
16000000	31000000	52.8514
16000000	32000000	43.9352
16000000	33000000	45.9491
16000000	34000000	37.7651
16000000	35000000	38.3190
16000000	36000000	23.2466
16000000	37000000	34.6323
16000000	38000000	67.0358
16000000	39000000	88.9074
16000000	40000000	33.9414
16000000	41000000	31.6114
16000000	42000000	27.6005
16000000	43000000	38.2704
16000000	44000000	31.8033
16000000	45000000	39.5365
16000000	46000000	44.1377
16000000	47000000	35.4131
16000000	48000000	43.3681
16000000	49000000	67.8707
16000000	50000000	59.0857
16000000	51000000	56.5136
16000000	52000000	55.9165
16000000	53000000	47.9315
16000000	54000000	40.4392
16000000	55000000	38.1891
16000000	56000000	41.4680
16000000	57000000	36.8945
16000000	58000000	39.9363
16000000	59000000	60.4042
16000000	60000000	69.3437
16000000	61000000	60.2431
16000000	62000000	26.0048
17000000	1000000	1.0220
17000000	2000000	15.3300
17000000	3000000	39.8580
17000000	4000000	80.8972
17000000	5000000	71.2031
17000000	6000000	90.1005
17000000	7000000	76.1624
17000000	8000000	68.1944
17000000	9000000	81.7783
17000000	10000000	131.0164
17000000	11000000	127.9820
17000000	12000000	129.6099
17000000	13000000	98.5517
17000000	14000000	174.2437
17000000	15000000	210.2395
17000000	16000000	526.0603
17000000	17000000	2554.8580
17000000	18000000	707.7599
17000000	19000000	170.7904
17000000	20000000	123.6227
17000000	21000000	85.5529
17000000	22000000	170.2823
17000000	23000000	125.7799
17000000	24000000	94.5378
17000000	25000000	73.3083
17000000	26000000	59.8703
17000000	27000000	72.2080
17000000	28000000	71.9699
17000000	29000000	47.6759
17000000	30000000	44.9659
17000000	31000000	39.0244
17000000	32000000	40.5392
17000000	33000000	38.4346
17000000	34000000	39.1500
17000000	35000000	41.7657
17000000	36000000	41.3320
17000000	37000000	34.8551
17000000	38000000	53.8946
17000000	39000000	77.0600
17000000	40000000	44.4183
17000000	41000000	31.6058
17000000	42000000	40.5732
17000000	43000000	48.9934
17000000	44000000	43.5723
17000000	45000000	52.7178
17000000	46000000	57.5550
17000000	47000000	47.4934
17000000	48000000	45.0731
17000000	49000000	78.4562
17000000	50000000	79.4461
17000000	51000000	73.3566
17000000	52000000	68.1862
17000000	53000000	52.6064
17000000	54000000	39.8901
17000000	55000000	42.8093
17000000	56000000	36.4242
17000000	57000000	48.3620
17000000	58000000	40.5966
17000000	59000000	69.6418
17000000	60000000	63.2978
17000000	61000000	56.4130
17000000	62000000	32.3143
18000000	1000000	7.1540
18000000	2000000	15.3300
18000000	3000000	48.0340
18000000	4000000	70.3720
18000000	5000000	82.9685
18000000	6000000	83.7568
18000000	7000000	91.9356
18000000	8000000	72.0299
18000000	9000000	90.5067
18000000	10000000	77.3628
18000000	11000000	88.4749
18000000	12000000	84.5121
18000000	13000000	51.5315
18000000	14000000	122.9814
18000000	15000000	98.5494
18000000	16000000	119.3893
18000000	17000000	707.7599
18000000	18000000	2667.6672
18000000	19000000	585.9113
18000000	20000000	222.9437
18000000	21000000	117.3998
18000000	22000000	206.9290
18000000	23000000	93.0808
18000000	24000000	65.7861
18000000	25000000	66.4260
18000000	26000000	50.4011
18000000	27000000	45.4994
18000000	28000000	48.4992
18000000	29000000	42.5994
18000000	30000000	24.8683
18000000	31000000	25.2411
18000000	32000000	29.7095
18000000	33000000	33.4093
18000000	34000000	31.3040
18000000	35000000	30.9517
18000000	36000000	36.0718
18000000	37000000	40.8687
18000000	38000000	41.7729
18000000	39000000	59.6983
18000000	40000000	52.4062
18000000	41000000	53.1019
18000000	42000000	43.9470
18000000	43000000	56.6867
18000000	44000000	55.4187
18000000	45000000	89.7688
18000000	46000000	91.9357
18000000	47000000	79.4902
18000000	48000000	66.4302
18000000	49000000	72.3891
18000000	50000000	79.2708
18000000	51000000	80.9627
18000000	52000000	63.3641
18000000	53000000	67.7103
18000000	54000000	61.7732
18000000	55000000	52.9146
18000000	56000000	52.1104
18000000	57000000	55.5734
18000000	58000000	54.1808
18000000	59000000	52.1424
18000000	60000000	48.3124
18000000	61000000	55.4628
18000000	62000000	33.8666
19000000	1000000	4.0880
19000000	2000000	19.4180
19000000	3000000	35.7700
19000000	4000000	57.3093
19000000	5000000	72.6993
19000000	6000000	84.2105
19000000	7000000	68.6759
19000000	8000000	68.1836
19000000	9000000	78.7469
19000000	10000000	75.8159
19000000	11000000	81.2358
19000000	12000000	64.8392
19000000	13000000	39.9509
19000000	14000000	94.1784
19000000	15000000	72.2691
19000000	16000000	79.1848
19000000	17000000	170.7904
19000000	18000000	585.9113
19000000	19000000	2787.7576
19000000	20000000	610.7294
19000000	21000000	134.0121
19000000	22000000	192.2344
19000000	23000000	81.8312
19000000	24000000	62.3658
19000000	25000000	82.5349
19000000	26000000	52.3738
19000000	27000000	43.5146
19000000	28000000	40.7125
19000000	29000000	34.8386
19000000	30000000	27.4343
19000000	31000000	25.5656
19000000	32000000	18.3429
19000000	33000000	25.9422
19000000	34000000	37.1952
19000000	35000000	29.2386
19000000	36000000	34.8700
19000000	37000000	35.3996
19000000	38000000	38.8062
19000000	39000000	44.7061
19000000	40000000	48.9638
19000000	41000000	48.5966
19000000	42000000	47.6539
19000000	43000000	53.7814
19000000	44000000	50.5102
19000000	45000000	143.3847
19000000	46000000	101.5450
19000000	47000000	72.4096
19000000	48000000	75.9745
19000000	49000000	68.4317
19000000	50000000	65.1735
19000000	51000000	72.8023
19000000	52000000	62.4507
19000000	53000000	61.8231
19000000	54000000	54.8827
19000000	55000000	55.0543
19000000	56000000	55.0791
19000000	57000000	52.9032
19000000	58000000	42.6757
19000000	59000000	43.2143
19000000	60000000	43.9492
19000000	61000000	51.1260
19000000	62000000	36.2907
20000000	1000000	3.0660
20000000	2000000	11.2420
20000000	3000000	40.8800
20000000	4000000	41.9451
20000000	5000000	56.2584
20000000	6000000	66.6314
20000000	7000000	68.2041
20000000	8000000	55.5041
20000000	9000000	63.9022
20000000	10000000	60.3705
20000000	11000000	65.3667
20000000	12000000	54.7827
20000000	13000000	35.0641
20000000	14000000	72.9387
20000000	15000000	66.7433
20000000	16000000	62.6802
20000000	17000000	123.6227
20000000	18000000	222.9437
20000000	19000000	610.7294
20000000	20000000	2048.1510
20000000	21000000	245.3353
20000000	22000000	215.6700
20000000	23000000	96.8836
20000000	24000000	67.9859
20000000	25000000	80.8155
20000000	26000000	41.2387
20000000	27000000	38.1252
20000000	28000000	39.5989
20000000	29000000	30.6206
20000000	30000000	26.1389
20000000	31000000	27.9245
20000000	32000000	20.3536
20000000	33000000	27.2609
20000000	34000000	26.9143
20000000	35000000	29.6812
20000000	36000000	32.9715
20000000	37000000	34.3879
20000000	38000000	31.9762
20000000	39000000	48.1873
20000000	40000000	46.1293
20000000	41000000	48.4941
20000000	42000000	40.8497
20000000	43000000	48.0503
20000000	44000000	44.1810
20000000	45000000	48.8978
20000000	46000000	43.6799
20000000	47000000	49.1203
20000000	48000000	42.2667
20000000	49000000	48.5474
20000000	50000000	52.4774
20000000	51000000	51.1476
20000000	52000000	41.6292
20000000	53000000	44.1543
20000000	54000000	37.9486
20000000	55000000	34.7760
20000000	56000000	34.6834
20000000	57000000	39.1293
20000000	58000000	38.1913
20000000	59000000	38.6468
20000000	60000000	30.1530
20000000	61000000	37.8955
20000000	62000000	29.4526
21000000	1000000	1.0220
21000000	2000000	1.0220
21000000	3000000	5.1100
21000000	4000000	32.5662
21000000	5000000	38.9307
21000000	6000000	50.6885
21000000	7000000	36.6507
21000000	8000000	41.2917
21000000	9000000	51.7749
21000000	10000000	37.0065
21000000	11000000	51.8298
21000000	12000000	36.3380
21000000	13000000	23.0493
21000000	14000000	56.3827
21000000	15000000	45.0218
21000000	16000000	42.5359
21000000	17000000	85.5529
21000000	18000000	117.3998
21000000	19000000	134.0121
21000000	20000000	245.3353
21000000	21000000	156.6840
21000000	22000000	162.4997
21000000	23000000	98.8558
21000000	24000000	57.8786
21000000	25000000	43.8083
21000000	26000000	27.2315
21000000	27000000	20.7609
21000000	28000000	31.8125
21000000	29000000	31.3831
21000000	30000000	17.9136
21000000	31000000	8.2245
21000000	32000000	19.6923
21000000	33000000	18.9218
21000000	34000000	21.8351
21000000	35000000	17.6497
21000000	36000000	20.6958
21000000	37000000	31.5288
21000000	38000000	28.4619
21000000	39000000	32.6057
21000000	40000000	36.9582
21000000	41000000	40.3905
21000000	42000000	32.5712
21000000	43000000	28.9000
21000000	44000000	28.8239
21000000	45000000	25.1892
21000000	46000000	30.1319
21000000	47000000	25.4622
21000000	48000000	32.1970
21000000	49000000	37.7808
21000000	50000000	35.7643
21000000	51000000	30.3581
21000000	52000000	27.1499
21000000	53000000	21.7561
21000000	54000000	24.1072
21000000	55000000	18.9143
21000000	56000000	17.9687
21000000	57000000	18.2680
21000000	58000000	24.3358
21000000	59000000	21.5314
21000000	60000000	28.4141
21000000	61000000	27.9022
21000000	62000000	23.2682
22000000	1000000	4.0880
22000000	2000000	10.2200
22000000	3000000	19.4180
22000000	4000000	89.4447
22000000	5000000	83.8247
22000000	6000000	111.3669
22000000	7000000	94.3918
22000000	8000000	100.8511
22000000	9000000	100.4766
22000000	10000000	93.5842
22000000	11000000	122.6581
22000000	12000000	135.1823
22000000	13000000	73.9050
22000000	14000000	163.1743
22000000	15000000	162.4155
22000000	16000000	100.7421
22000000	17000000	170.2823
22000000	18000000	206.9290
22000000	19000000	192.2344
22000000	20000000	215.6700
22000000	21000000	162.4997
22000000	22000000	1853.9373
22000000	23000000	678.4914
22000000	24000000	180.7909
22000000	25000000	171.8422
22000000	26000000	120.8839
22000000	27000000	77.8912
22000000	28000000	65.5329
22000000	29000000	61.9794
22000000	30000000	50.9309
22000000	31000000	48.5506
22000000	32000000	50.0344
22000000	33000000	53.3082
22000000	34000000	68.7015
22000000	35000000	56.6988
22000000	36000000	57.2776
22000000	37000000	58.6440
22000000	38000000	60.5502
22000000	39000000	83.6378
22000000	40000000	107.7381
22000000	41000000	76.2560
22000000	42000000	91.4007
22000000	43000000	85.2356
22000000	44000000	84.9269
22000000	45000000	64.2114
22000000	46000000	79.0714
22000000	47000000	75.4180
22000000	48000000	68.0653
22000000	49000000	99.6697
22000000	50000000	79.6631
22000000	51000000	82.1776
22000000	52000000	71.3817
22000000	53000000	53.7754
22000000	54000000	70.3832
22000000	55000000	55.4368
22000000	56000000	60.7975
22000000	57000000	69.6835
22000000	58000000	67.3405
22000000	59000000	59.5323
22000000	60000000	57.7858
22000000	61000000	63.6275
22000000	62000000	39.4286
23000000	1000000	4.0880
23000000	2000000	11.2420
23000000	3000000	28.6160
23000000	4000000	56.6129
23000000	5000000	58.7105
23000000	6000000	79.7070
23000000	7000000	53.9294
23000000	8000000	50.4558
23000000	9000000	69.9132
23000000	10000000	89.4445
23000000	11000000	93.7138
23000000	12000000	87.9448
23000000	13000000	69.6202
23000000	14000000	93.8385
23000000	15000000	100.1150
23000000	16000000	104.7320
23000000	17000000	125.7799
23000000	18000000	93.0808
23000000	19000000	81.8312
23000000	20000000	96.8836
23000000	21000000	98.8558
23000000	22000000	678.4914
23000000	23000000	2346.7813
23000000	24000000	496.0973
23000000	25000000	159.1665
23000000	26000000	107.3200
23000000	27000000	95.9986
23000000	28000000	87.3131
23000000	29000000	52.2765
23000000	30000000	45.6341
23000000	31000000	44.3855
23000000	32000000	49.4816
23000000	33000000	49.4790
23000000	34000000	51.2832
23000000	35000000	41.4243
23000000	36000000	45.4912
23000000	37000000	36.4825
23000000	38000000	73.2486
23000000	39000000	92.7602
23000000	40000000	53.0950
23000000	41000000	46.4601
23000000	42000000	34.8945
23000000	43000000	57.8022
23000000	44000000	46.8536
23000000	45000000	48.0774
23000000	46000000	49.6848
23000000	47000000	40.1832
23000000	48000000	48.5167
23000000	49000000	59.6777
23000000	50000000	59.0089
23000000	51000000	57.2917
23000000	52000000	48.1036
23000000	53000000	45.9983
23000000	54000000	39.3249
23000000	55000000	40.9577
23000000	56000000	37.1105
23000000	57000000	34.4257
23000000	58000000	35.0678
23000000	59000000	54.2095
23000000	60000000	48.9212
23000000	61000000	47.6655
23000000	62000000	25.7928
24000000	1000000	4.0880
24000000	2000000	7.1540
24000000	3000000	21.4620
24000000	4000000	53.5211
24000000	5000000	47.7607
24000000	6000000	69.7424
24000000	7000000	55.5811
24000000	8000000	50.8915
24000000	9000000	56.4103
24000000	10000000	97.0987
24000000	11000000	81.8444
24000000	12000000	61.5880
24000000	13000000	71.7977
24000000	14000000	85.7696
24000000	15000000	83.3283
24000000	16000000	91.7896
24000000	17000000	94.5378
24000000	18000000	65.7861
24000000	19000000	62.3658
24000000	20000000	67.9859
24000000	21000000	57.8786
24000000	22000000	180.7909
24000000	23000000	496.0973
24000000	24000000	2930.5655
24000000	25000000	596.3755
24000000	26000000	137.3167
24000000	27000000	113.4161
24000000	28000000	105.5387
24000000	29000000	63.0053
24000000	30000000	50.6419
24000000	31000000	45.7999
24000000	32000000	47.1285
24000000	33000000	48.0918
24000000	34000000	45.6704
24000000	35000000	42.9908
24000000	36000000	37.3851
24000000	37000000	32.7982
24000000	38000000	74.0767
24000000	39000000	97.0816
24000000	40000000	50.8549
24000000	41000000	35.0721
24000000	42000000	40.3296
24000000	43000000	51.8109
24000000	44000000	44.4542
24000000	45000000	45.2365
24000000	46000000	48.8878
24000000	47000000	41.5729
24000000	48000000	41.4210
24000000	49000000	58.6942
24000000	50000000	66.0970
24000000	51000000	58.5661
24000000	52000000	44.9181
24000000	53000000	43.2732
24000000	54000000	35.5988
24000000	55000000	41.1684
24000000	56000000	35.5279
24000000	57000000	39.2474
24000000	58000000	36.3535
24000000	59000000	56.6304
24000000	60000000	52.9579
24000000	61000000	56.3839
24000000	62000000	24.1762
25000000	1000000	2.0440
25000000	2000000	17.3740
25000000	3000000	24.5280
25000000	4000000	49.2970
25000000	5000000	50.4342
25000000	6000000	57.2699
25000000	7000000	54.6073
25000000	8000000	58.5903
25000000	9000000	62.0377
25000000	10000000	59.2524
25000000	11000000	63.2684
25000000	12000000	57.7650
25000000	13000000	52.0469
25000000	14000000	62.4558
25000000	15000000	63.6070
25000000	16000000	56.1760
25000000	17000000	73.3083
25000000	18000000	66.4260
25000000	19000000	82.5349
25000000	20000000	80.8155
25000000	21000000	43.8083
25000000	22000000	171.8422
25000000	23000000	159.1665
25000000	24000000	596.3755
25000000	25000000	2355.7730
25000000	26000000	376.0327
25000000	27000000	104.2069
25000000	28000000	72.9699
25000000	29000000	53.8295
25000000	30000000	37.4537
25000000	31000000	31.6466
25000000	32000000	33.5257
25000000	33000000	32.8201
25000000	34000000	46.8119
25000000	35000000	39.8310
25000000	36000000	34.8449
25000000	37000000	44.4088
25000000	38000000	46.7763
25000000	39000000	62.6964
25000000	40000000	50.9571
25000000	41000000	50.2324
25000000	42000000	49.9564
25000000	43000000	61.4371
25000000	44000000	52.9126
25000000	45000000	50.2907
25000000	46000000	52.2424
25000000	47000000	47.4892
25000000	48000000	50.3738
25000000	49000000	62.7489
25000000	50000000	50.2943
25000000	51000000	62.8017
25000000	52000000	53.9287
25000000	53000000	50.7969
25000000	54000000	38.8998
25000000	55000000	44.6249
25000000	56000000	35.8127
25000000	57000000	44.6018
25000000	58000000	41.3695
25000000	59000000	44.6069
25000000	60000000	41.8950
25000000	61000000	42.0416
25000000	62000000	31.3554
26000000	1000000	1.0220
26000000	2000000	5.1100
26000000	3000000	16.3520
26000000	4000000	39.8187
26000000	5000000	29.0129
26000000	6000000	36.4018
26000000	7000000	41.4766
26000000	8000000	46.1487
26000000	9000000	36.5899
26000000	10000000	53.3640
26000000	11000000	43.0744
26000000	12000000	44.1407
26000000	13000000	40.8287
26000000	14000000	47.4370
26000000	15000000	50.7780
26000000	16000000	57.0669
26000000	17000000	59.8703
26000000	18000000	50.4011
26000000	19000000	52.3738
26000000	20000000	41.2387
26000000	21000000	27.2315
26000000	22000000	120.8839
26000000	23000000	107.3200
