1000000	1000000	1979.2190
1000000	2000000	460.7752
1000000	3000000	160.4978
1000000	4000000	124.4935
1000000	5000000	101.1882
1000000	6000000	108.2607
1000000	7000000	75.4363
1000000	8000000	106.1790
1000000	9000000	101.1879
1000000	10000000	135.4359
1000000	11000000	140.4123
1000000	12000000	78.5933
1000000	13000000	76.3483
1000000	14000000	98.0374
1000000	15000000	107.4621
1000000	16000000	110.3477
1000000	17000000	72.8310
1000000	18000000	53.5273
1000000	19000000	51.6285
1000000	20000000	56.2837
1000000	21000000	54.9851
1000000	22000000	73.1233
1000000	23000000	51.7032
1000000	24000000	71.8786
1000000	25000000	84.5125
1000000	26000000	70.4463
1000000	27000000	66.7119
1000000	28000000	50.8675
1000000	29000000	58.7586
1000000	30000000	60.4852
1000000	31000000	54.7841
1000000	32000000	45.5937
1000000	33000000	63.9562
1000000	34000000	46.9650
1000000	35000000	46.7068
1000000	36000000	44.0167
1000000	37000000	52.5799
1000000	38000000	47.4665
1000000	39000000	53.3020
1000000	40000000	45.5367
1000000	41000000	51.7162
1000000	42000000	57.8389
1000000	43000000	46.8417
1000000	44000000	37.5654
1000000	45000000	40.3520
1000000	46000000	37.4178
1000000	47000000	32.4562
1000000	48000000	34.3000
1000000	49000000	38.4398
1000000	50000000	31.8596
1000000	51000000	42.1604
1000000	52000000	43.1368
1000000	53000000	35.2330
1000000	54000000	49.4618
1000000	55000000	39.5157
1000000	56000000	29.6685
1000000	57000000	27.5700
1000000	58000000	31.4785
1000000	59000000	25.8546
1000000	60000000	36.3010
2000000	1000000	460.7752
2000000	2000000	3867.6272
2000000	3000000	551.7059
2000000	4000000	137.8277
2000000	5000000	79.8069
2000000	6000000	80.2428
2000000	7000000	46.1582
2000000	8000000	81.8653
2000000	9000000	76.4926
2000000	10000000	133.0951
2000000	11000000	139.7910
2000000	12000000	44.0375
2000000	13000000	44.7139
2000000	14000000	82.1314
2000000	15000000	98.0046
2000000	16000000	132.8574
2000000	17000000	65.5013
2000000	18000000	36.2403
2000000	19000000	28.2009
2000000	20000000	30.5327
2000000	21000000	39.6970
2000000	22000000	65.5261
2000000	23000000	33.0265
2000000	24000000	62.6266
2000000	25000000	101.9639
2000000	26000000	99.0041
2000000	27000000	84.4616
2000000	28000000	48.6397
2000000	29000000	80.8522
2000000	30000000	105.4585
2000000	31000000	66.4172
2000000	32000000	31.6767
2000000	33000000	44.6661
2000000	34000000	64.1463
2000000	35000000	40.8540
2000000	36000000	40.0781
2000000	37000000	60.9536
2000000	38000000	66.6617
2000000	39000000	70.6507
2000000	40000000	37.8474
2000000	41000000	45.4278
2000000	42000000	47.2721
2000000	43000000	44.0026
2000000	44000000	31.1585
2000000	45000000	22.6997
2000000	46000000	23.6547
2000000	47000000	34.8072
2000000	48000000	45.3053
2000000	49000000	32.4794
2000000	50000000	40.9131
2000000	51000000	37.9577
2000000	52000000	27.4352
2000000	53000000	24.9234
2000000	54000000	25.4666
2000000	55000000	24.4205
2000000	56000000	12.1336
2000000	57000000	21.7844
2000000	58000000	35.8693
2000000	59000000	26.3216
2000000	60000000	32.5379
3000000	1000000	160.4978
3000000	2000000	551.7059
3000000	3000000	2837.0673
3000000	4000000	996.2787
3000000	5000000	235.2768
3000000	6000000	150.6086
3000000	7000000	91.4894
3000000	8000000	111.1909
3000000	9000000	97.0491
3000000	10000000	128.6869
3000000	11000000	136.0621
3000000	12000000	68.5183
3000000	13000000	76.8645
3000000	14000000	104.3403
3000000	15000000	101.8294
3000000	16000000	102.4967
3000000	17000000	85.2359
3000000	18000000	56.8494
3000000	19000000	48.4376
3000000	20000000	58.0269
3000000	21000000	64.5993
3000000	22000000	72.7975
3000000	23000000	54.4339
3000000	24000000	78.0080
3000000	25000000	75.6842
3000000	26000000	60.6675
3000000	27000000	59.3352
3000000	28000000	53.9308
3000000	29000000	50.6996
3000000	30000000	51.3429
3000000	31000000	60.0883
3000000	32000000	43.2203
3000000	33000000	48.5496
3000000	34000000	45.2698
3000000	35000000	46.7277
3000000	36000000	44.0803
3000000	37000000	46.2194
3000000	38000000	41.6648
3000000	39000000	42.1012
3000000	40000000	34.5495
3000000	41000000	28.5344
3000000	42000000	39.9450
3000000	43000000	38.6924
3000000	44000000	29.3398
3000000	45000000	27.5952
3000000	46000000	24.8207
3000000	47000000	24.0261
3000000	48000000	26.9796
3000000	49000000	25.8980
3000000	50000000	26.4812
3000000	51000000	24.5863
3000000	52000000	28.4473
3000000	53000000	26.4975
3000000	54000000	24.1488
3000000	55000000	22.9806
3000000	56000000	18.7966
3000000	57000000	16.1455
3000000	58000000	26.9230
3000000	59000000	18.0981
3000000	60000000	25.8031
4000000	1000000	124.4935
4000000	2000000	137.8277
4000000	3000000	996.2787
4000000	4000000	2867.9503
4000000	5000000	915.6765
4000000	6000000	246.0660
4000000	7000000	139.0814
4000000	8000000	156.5384
4000000	9000000	125.4932
4000000	10000000	143.5809
4000000	11000000	133.4675
4000000	12000000	99.2433
4000000	13000000	98.4830
4000000	14000000	118.8013
4000000	15000000	107.2099
4000000	16000000	103.1268
4000000	17000000	93.8113
4000000	18000000	81.5871
4000000	19000000	76.2385
4000000	20000000	73.9797
4000000	21000000	74.1952
4000000	22000000	84.1514
4000000	23000000	65.2246
4000000	24000000	80.2784
4000000	25000000	63.2956
4000000	26000000	58.6635
4000000	27000000	58.7894
4000000	28000000	60.0638
4000000	29000000	41.4355
4000000	30000000	43.3090
4000000	31000000	57.9757
4000000	32000000	47.1063
4000000	33000000	53.0870
4000000	34000000	38.8322
4000000	35000000	45.1614
4000000	36000000	44.0755
4000000	37000000	43.6921
4000000	38000000	35.8283
4000000	39000000	33.2768
4000000	40000000	37.9241
4000000	41000000	34.3364
4000000	42000000	35.6533
4000000	43000000	34.5132
4000000	44000000	33.5516
4000000	45000000	32.9696
4000000	46000000	33.4850
4000000	47000000	25.4669
4000000	48000000	21.9081
4000000	49000000	29.8084
4000000	50000000	20.1038
4000000	51000000	23.3513
4000000	52000000	30.0311
4000000	53000000	27.1281
4000000	54000000	30.7285
4000000	55000000	24.6034
4000000	56000000	23.4662
4000000	57000000	15.1335
4000000	58000000	25.5322
4000000	59000000	19.2494
4000000	60000000	23.3826
5000000	1000000	101.1882
5000000	2000000	79.8069
5000000	3000000	235.2768
5000000	4000000	915.6765
5000000	5000000	2779.7006
5000000	6000000	795.9568
5000000	7000000	284.8966
5000000	8000000	222.7237
5000000	9000000	167.9422
5000000	10000000	140.0680
5000000	11000000	117.7495
5000000	12000000	119.3286
5000000	13000000	112.5733
5000000	14000000	133.3543
5000000	15000000	111.2565
5000000	16000000	95.1991
5000000	17000000	98.5688
5000000	18000000	100.5994
5000000	19000000	92.8141
5000000	20000000	93.7135
5000000	21000000	95.7361
5000000	22000000	93.3255
5000000	23000000	93.7033
5000000	24000000	97.2021
5000000	25000000	48.8424
5000000	26000000	50.8014
5000000	27000000	55.8186
5000000	28000000	55.0589
5000000	29000000	38.1282
5000000	30000000	31.1537
5000000	31000000	48.5339
5000000	32000000	52.2743
5000000	33000000	54.6319
5000000	34000000	28.6822
5000000	35000000	39.1585
5000000	36000000	44.6897
5000000	37000000	42.2496
5000000	38000000	36.5476
5000000	39000000	31.1260
5000000	40000000	34.8766
5000000	41000000	30.8082
5000000	42000000	36.3137
5000000	43000000	29.3508
5000000	44000000	25.5031
5000000	45000000	33.8435
5000000	46000000	35.9582
5000000	47000000	22.5193
5000000	48000000	18.8811
5000000	49000000	24.7223
5000000	50000000	19.3168
5000000	51000000	23.2211
5000000	52000000	29.1230
5000000	53000000	24.7573
5000000	54000000	29.0280
5000000	55000000	27.9172
5000000	56000000	20.2264
5000000	57000000	15.6288
5000000	58000000	20.8474
5000000	59000000	16.9122
5000000	60000000	22.4235
6000000	1000000	108.2607
6000000	2000000	80.2428
6000000	3000000	150.6086
6000000	4000000	246.0660
6000000	5000000	795.9568
6000000	6000000	3342.2065
6000000	7000000	1212.5829
6000000	8000000	466.4222
6000000	9000000	192.4650
6000000	10000000	176.3944
6000000	11000000	143.3437
6000000	12000000	106.8947
6000000	13000000	121.3544
6000000	14000000	135.1947
6000000	15000000	118.0466
6000000	16000000	105.8174
6000000	17000000	111.6515
6000000	18000000	95.7460
6000000	19000000	86.2875
6000000	20000000	80.3357
6000000	21000000	93.6175
6000000	22000000	92.7474
6000000	23000000	73.6912
6000000	24000000	92.0268
6000000	25000000	60.9490
6000000	26000000	58.4677
6000000	27000000	65.9110
6000000	28000000	59.6501
6000000	29000000	41.7749
6000000	30000000	38.4794
6000000	31000000	52.4230
6000000	32000000	57.8328
6000000	33000000	59.0167
6000000	34000000	30.3837
6000000	35000000	41.0501
6000000	36000000	49.9385
6000000	37000000	45.2255
6000000	38000000	35.2132
6000000	39000000	35.4363
6000000	40000000	43.5530
6000000	41000000	40.6745
6000000	42000000	33.4826
6000000	43000000	37.1112
6000000	44000000	27.8167
6000000	45000000	36.5920
6000000	46000000	35.1149
6000000	47000000	24.1021
6000000	48000000	19.3370
6000000	49000000	26.5186
6000000	50000000	25.1151
6000000	51000000	24.5280
6000000	52000000	35.1514
6000000	53000000	28.8788
6000000	54000000	33.3863
6000000	55000000	33.8264
6000000	56000000	28.3753
6000000	57000000	19.2247
6000000	58000000	22.9076
6000000	59000000	21.5982
6000000	60000000	27.7674
7000000	1000000	75.4363
7000000	2000000	46.1582
7000000	3000000	91.4894
7000000	4000000	139.0814
7000000	5000000	284.8966
7000000	6000000	1212.5829
7000000	7000000	2912.5827
7000000	8000000	867.8179
7000000	9000000	222.2586
7000000	10000000	132.7623
7000000	11000000	86.6272
7000000	12000000	111.0491
7000000	13000000	109.8503
7000000	14000000	102.8214
7000000	15000000	84.1048
7000000	16000000	61.4493
7000000	17000000	77.8160
7000000	18000000	90.6788
7000000	19000000	91.0005
7000000	20000000	82.4373
7000000	21000000	80.8542
7000000	22000000	69.2264
7000000	23000000	72.6306
7000000	24000000	74.5039
7000000	25000000	38.6084
7000000	26000000	37.9228
7000000	27000000	46.2967
7000000	28000000	50.1553
7000000	29000000	28.8859
7000000	30000000	25.3219
7000000	31000000	51.0437
7000000	32000000	43.3916
7000000	33000000	54.0250
7000000	34000000	25.1205
7000000	35000000	35.4580
7000000	36000000	38.1819
7000000	37000000	30.4693
7000000	38000000	29.0216
7000000	39000000	32.3919
7000000	40000000	31.3181
7000000	41000000	27.0248
7000000	42000000	33.3241
7000000	43000000	32.2547
7000000	44000000	23.9178
7000000	45000000	31.8884
7000000	46000000	27.4067
7000000	47000000	22.1194
7000000	48000000	18.8241
7000000	49000000	19.2950
7000000	50000000	22.4432
7000000	51000000	23.2958
7000000	52000000	26.0139
7000000	53000000	25.1224
7000000	54000000	26.7826
7000000	55000000	28.8042
7000000	56000000	22.1871
7000000	57000000	16.5376
7000000	58000000	18.0664
7000000	59000000	15.7356
7000000	60000000	23.7086
8000000	1000000	106.1790
8000000	2000000	81.8653
8000000	3000000	111.1909
8000000	4000000	156.5384
8000000	5000000	222.7237
8000000	6000000	466.4222
8000000	7000000	867.8179
8000000	8000000	3060.4726
8000000	9000000	1208.8121
8000000	10000000	314.3634
8000000	11000000	166.5393
8000000	12000000	117.3608
8000000	13000000	114.2002
8000000	14000000	144.9224
8000000	15000000	111.4977
8000000	16000000	103.2733
8000000	17000000	114.6539
8000000	18000000	104.8969
8000000	19000000	91.4937
8000000	20000000	96.7551
8000000	21000000	91.1227
8000000	22000000	99.5273
8000000	23000000	88.7144
8000000	24000000	93.9074
8000000	25000000	54.4494
8000000	26000000	50.9109
8000000	27000000	64.0362
8000000	28000000	52.1772
8000000	29000000	39.4672
8000000	30000000	34.7127
8000000	31000000	63.5222
8000000	32000000	58.9332
8000000	33000000	61.9858
8000000	34000000	33.8603
8000000	35000000	42.2391
8000000	36000000	46.5756
8000000	37000000	40.9877
8000000	38000000	35.0829
8000000	39000000	35.6007
8000000	40000000	36.0365
8000000	41000000	40.7293
8000000	42000000	42.4262
8000000	43000000	35.5262
8000000	44000000	30.7856
8000000	45000000	33.8754
8000000	46000000	38.9481
8000000	47000000	23.4106
8000000	48000000	20.1725
8000000	49000000	30.9873
8000000	50000000	24.8104
8000000	51000000	26.5742
8000000	52000000	31.8511
8000000	53000000	23.7176
8000000	54000000	34.5794
8000000	55000000	34.2606
8000000	56000000	23.9131
8000000	57000000	14.9477
8000000	58000000	22.0783
8000000	59000000	16.3937
8000000	60000000	25.7792
9000000	1000000	101.1879
9000000	2000000	76.4926
9000000	3000000	97.0491
9000000	4000000	125.4932
9000000	5000000	167.9422
9000000	6000000	192.4650
9000000	7000000	222.2586
9000000	8000000	1208.8121
9000000	9000000	2847.8114
9000000	10000000	669.2205
9000000	11000000	171.6861
9000000	12000000	125.2294
9000000	13000000	110.6090
9000000	14000000	134.8392
9000000	15000000	107.3248
9000000	16000000	98.1894
9000000	17000000	104.7373
9000000	18000000	87.4250
9000000	19000000	79.6797
9000000	20000000	93.9380
9000000	21000000	90.7902
9000000	22000000	92.7339
9000000	23000000	71.2658
9000000	24000000	84.2601
9000000	25000000	59.0781
9000000	26000000	55.0294
9000000	27000000	65.8919
9000000	28000000	61.4621
9000000	29000000	43.1531
9000000	30000000	42.5059
9000000	31000000	62.2964
9000000	32000000	54.0397
9000000	33000000	55.1356
9000000	34000000	30.6200
9000000	35000000	38.9134
9000000	36000000	46.1624
9000000	37000000	43.3080
9000000	38000000	38.3674
9000000	39000000	35.8843
9000000	40000000	37.7537
9000000	41000000	39.0666
9000000	42000000	29.7935
9000000	43000000	35.0415
9000000	44000000	33.6408
9000000	45000000	39.3063
9000000	46000000	35.2412
9000000	47000000	21.2316
9000000	48000000	19.9732
9000000	49000000	28.6262
9000000	50000000	23.7244
9000000	51000000	24.2033
9000000	52000000	28.6917
9000000	53000000	23.8707
9000000	54000000	30.9749
9000000	55000000	26.6284
9000000	56000000	21.4621
9000000	57000000	13.0915
9000000	58000000	21.1647
9000000	59000000	14.6456
9000000	60000000	23.5393
10000000	1000000	135.4359
10000000	2000000	133.0951
10000000	3000000	128.6869
10000000	4000000	143.5809
10000000	5000000	140.0680
10000000	6000000	176.3944
10000000	7000000	132.7623
10000000	8000000	314.3634
10000000	9000000	669.2205
10000000	10000000	3651.5953
10000000	11000000	817.2255
10000000	12000000	182.8457
10000000	13000000	141.8495
10000000	14000000	149.4082
10000000	15000000	146.0385
10000000	16000000	151.4115
10000000	17000000	123.2804
10000000	18000000	83.5391
10000000	19000000	75.3077
10000000	20000000	80.5176
10000000	21000000	91.1311
10000000	22000000	122.7711
10000000	23000000	82.3554
10000000	24000000	100.0693
10000000	25000000	97.7776
10000000	26000000	98.8142
10000000	27000000	86.5599
10000000	28000000	75.7478
10000000	29000000	63.3215
10000000	30000000	64.3995
10000000	31000000	77.4547
10000000	32000000	60.4419
10000000	33000000	68.6618
10000000	34000000	51.7383
10000000	35000000	57.3702
10000000	36000000	61.4462
10000000	37000000	56.4112
10000000	38000000	55.1029
10000000	39000000	49.0994
10000000	40000000	49.6104
10000000	41000000	49.1430
10000000	42000000	53.0797
10000000	43000000	47.5093
10000000	44000000	39.9270
10000000	45000000	35.2570
10000000	46000000	36.4799
10000000	47000000	37.5130
10000000	48000000	30.0767
10000000	49000000	38.9689
10000000	50000000	34.3949
10000000	51000000	25.9562
10000000	52000000	35.3958
10000000	53000000	28.7823
10000000	54000000	31.2526
10000000	55000000	28.8206
10000000	56000000	23.3944
10000000	57000000	15.3998
10000000	58000000	28.7690
10000000	59000000	27.7295
10000000	60000000	34.3126
11000000	1000000	140.4123
11000000	2000000	139.7910
11000000	3000000	136.0621
11000000	4000000	133.4675
11000000	5000000	117.7495
11000000	6000000	143.3437
11000000	7000000	86.6272
11000000	8000000	166.5393
11000000	9000000	171.6861
11000000	10000000	817.2255
11000000	11000000	3715.5390
11000000	12000000	562.1418
11000000	13000000	283.3899
11000000	14000000	234.7360
11000000	15000000	186.2616
11000000	16000000	170.3334
11000000	17000000	130.1998
11000000	18000000	75.8454
11000000	19000000	68.6387
11000000	20000000	85.4339
11000000	21000000	92.5241
11000000	22000000	119.0867
11000000	23000000	78.8713
11000000	24000000	117.8305
11000000	25000000	107.6475
11000000	26000000	88.4532
11000000	27000000	93.6126
11000000	28000000	66.6312
11000000	29000000	76.9311
11000000	30000000	85.7003
11000000	31000000	92.1895
11000000	32000000	59.4500
11000000	33000000	71.5733
11000000	34000000	63.8920
11000000	35000000	54.9088
11000000	36000000	52.5666
11000000	37000000	70.9612
11000000	38000000	56.2548
11000000	39000000	59.2527
11000000	40000000	53.1345
11000000	41000000	52.5106
11000000	42000000	53.9304
11000000	43000000	49.4333
11000000	44000000	44.6685
11000000	45000000	35.4232
11000000	46000000	37.1401
11000000	47000000	39.6009
11000000	48000000	33.6058
11000000	49000000	32.5914
11000000	50000000	32.9436
11000000	51000000	26.1329
11000000	52000000	34.1293
11000000	53000000	34.1099
11000000	54000000	26.8467
11000000	55000000	25.8998
11000000	56000000	30.0497
11000000	57000000	20.9682
11000000	58000000	29.3139
11000000	59000000	27.5137
11000000	60000000	29.8862
12000000	1000000	78.5933
12000000	2000000	44.0375
12000000	3000000	68.5183
12000000	4000000	99.2433
12000000	5000000	119.3286
12000000	6000000	106.8947
12000000	7000000	111.0491
12000000	8000000	117.3608
12000000	9000000	125.2294
12000000	10000000	182.8457
12000000	11000000	562.1418
12000000	12000000	2722.9717
12000000	13000000	992.7672
12000000	14000000	261.0684
12000000	15000000	145.3889
12000000	16000000	106.7560
12000000	17000000	105.4416
12000000	18000000	118.5676
12000000	19000000	93.0906
12000000	20000000	100.4739
12000000	21000000	88.2663
12000000	22000000	99.3793
12000000	23000000	97.0474
12000000	24000000	100.9698
12000000	25000000	50.9442
12000000	26000000	55.8423
12000000	27000000	56.2611
12000000	28000000	61.2177
12000000	29000000	41.1688
12000000	30000000	36.5531
12000000	31000000	53.7304
12000000	32000000	65.2416
12000000	33000000	57.8120
12000000	34000000	27.7474
12000000	35000000	43.2870
12000000	36000000	44.7350
12000000	37000000	36.4827
12000000	38000000	28.7453
12000000	39000000	27.6296
12000000	40000000	44.4725
12000000	41000000	36.2686
12000000	42000000	35.9171
12000000	43000000	33.1134
12000000	44000000	26.3741
12000000	45000000	35.1939
12000000	46000000	31.3639
12000000	47000000	28.9705
12000000	48000000	21.0138
12000000	49000000	28.0388
12000000	50000000	17.8207
12000000	51000000	27.4087
12000000	52000000	31.8498
12000000	53000000	23.5879
12000000	54000000	31.2192
12000000	55000000	27.3462
12000000	56000000	23.1202
12000000	57000000	14.9386
12000000	58000000	19.2705
12000000	59000000	19.6499
12000000	60000000	18.1426
13000000	1000000	76.3483
13000000	2000000	44.7139
13000000	3000000	76.8645
13000000	4000000	98.4830
13000000	5000000	112.5733
13000000	6000000	121.3544
13000000	7000000	109.8503
13000000	8000000	114.2002
13000000	9000000	110.6090
13000000	10000000	141.8495
13000000	11000000	283.3899
13000000	12000000	992.7672
13000000	13000000	2364.1802
13000000	14000000	971.8768
13000000	15000000	220.5225
13000000	16000000	100.7743
13000000	17000000	101.5781
13000000	18000000	106.9470
13000000	19000000	97.6260
13000000	20000000	102.7524
13000000	21000000	86.3265
13000000	22000000	91.9311
13000000	23000000	89.4193
13000000	24000000	99.9115
13000000	25000000	44.8156
13000000	26000000	43.3104
13000000	27000000	62.0362
13000000	28000000	52.5243
13000000	29000000	36.0774
13000000	30000000	36.1159
13000000	31000000	50.6442
13000000	32000000	64.0041
13000000	33000000	60.2555
13000000	34000000	27.3521
13000000	35000000	37.0052
13000000	36000000	46.4144
13000000	37000000	36.6279
13000000	38000000	33.3694
13000000	39000000	30.4323
13000000	40000000	30.3079
13000000	41000000	39.5157
13000000	42000000	35.4128
13000000	43000000	27.0636
13000000	44000000	26.2532
13000000	45000000	37.7332
13000000	46000000	33.0971
13000000	47000000	24.0317
13000000	48000000	20.5003
13000000	49000000	22.1909
13000000	50000000	19.7499
13000000	51000000	22.1842
13000000	52000000	29.5266
13000000	53000000	24.9373
13000000	54000000	25.8529
13000000	55000000	25.5643
13000000	56000000	19.0672
13000000	57000000	15.9582
13000000	58000000	21.8802
13000000	59000000	15.1401
13000000	60000000	18.6795
14000000	1000000	98.0374
14000000	2000000	82.1314
14000000	3000000	104.3403
14000000	4000000	118.8013
14000000	5000000	133.3543
14000000	6000000	135.1947
14000000	7000000	102.8214
14000000	8000000	144.9224
14000000	9000000	134.8392
14000000	10000000	149.4082
14000000	11000000	234.7360
14000000	12000000	261.0684
14000000	13000000	971.8768
14000000	14000000	3620.3695
14000000	15000000	926.2150
14000000	16000000	188.8942
14000000	17000000	135.3749
14000000	18000000	115.3032
14000000	19000000	103.6575
14000000	20000000	110.2299
14000000	21000000	113.2718
14000000	22000000	120.5890
14000000	23000000	101.4215
14000000	24000000	120.0458
14000000	25000000	73.4394
14000000	26000000	66.8561
14000000	27000000	74.4280
14000000	28000000	72.1668
14000000	29000000	48.2408
14000000	30000000	51.4556
14000000	31000000	76.5550
14000000	32000000	69.7506
14000000	33000000	77.1543
14000000	34000000	44.0030
14000000	35000000	48.5184
14000000	36000000	62.3960
14000000	37000000	57.5082
14000000	38000000	44.1758
14000000	39000000	46.5981
14000000	40000000	49.5428
14000000	41000000	51.1897
14000000	42000000	50.6322
14000000	43000000	48.7275
14000000	44000000	37.1836
14000000	45000000	45.8399
14000000	46000000	50.9696
14000000	47000000	32.2773
14000000	48000000	26.2275
14000000	49000000	35.1757
14000000	50000000	30.0508
14000000	51000000	26.4626
14000000	52000000	36.5759
14000000	53000000	33.9721
14000000	54000000	36.7504
14000000	55000000	35.1195
14000000	56000000	26.5671
14000000	57000000	15.5759
14000000	58000000	26.5117
14000000	59000000	25.9988
14000000	60000000	28.3017
15000000	1000000	107.4621
15000000	2000000	98.0046
15000000	3000000	101.8294
15000000	4000000	107.2099
15000000	5000000	111.2565
15000000	6000000	118.0466
15000000	7000000	84.1048
15000000	8000000	111.4977
15000000	9000000	107.3248
15000000	10000000	146.0385
15000000	11000000	186.2616
15000000	12000000	145.3889
15000000	13000000	220.5225
15000000	14000000	926.2150
15000000	15000000	3722.2422
15000000	16000000	579.1480
15000000	17000000	186.5679
15000000	18000000	115.2648
15000000	19000000	92.1422
15000000	20000000	111.2690
15000000	21000000	108.8893
15000000	22000000	109.6287
15000000	23000000	92.9410
15000000	24000000	111.3631
15000000	25000000	100.1517
15000000	26000000	94.1082
15000000	27000000	96.2133
15000000	28000000	74.4357
15000000	29000000	59.6920
15000000	30000000	66.4325
15000000	31000000	89.0967
15000000	32000000	68.2386
15000000	33000000	72.5122
15000000	34000000	56.5730
15000000	35000000	61.4537
15000000	36000000	66.6804
15000000	37000000	61.1799
15000000	38000000	47.3586
15000000	39000000	51.7057
15000000	40000000	53.0684
15000000	41000000	58.2052
15000000	42000000	47.6950
15000000	43000000	47.6627
15000000	44000000	47.2221
15000000	45000000	47.5371
15000000	46000000	39.8206
15000000	47000000	36.3628
15000000	48000000	28.2214
15000000	49000000	41.7695
15000000	50000000	26.8051
15000000	51000000	29.5538
15000000	52000000	34.5602
15000000	53000000	32.8376
15000000	54000000	40.4586
15000000	55000000	36.0954
15000000	56000000	27.7134
15000000	57000000	20.8810
15000000	58000000	31.1199
15000000	59000000	22.8170
15000000	60000000	31.1694
16000000	1000000	110.3477
16000000	2000000	132.8574
16000000	3000000	102.4967
16000000	4000000	103.1268
16000000	5000000	95.1991
16000000	6000000	105.8174
16000000	7000000	61.4493
16000000	8000000	103.2733
16000000	9000000	98.1894
16000000	10000000	151.4115
16000000	11000000	170.3334
16000000	12000000	106.7560
16000000	13000000	100.7743
16000000	14000000	188.8942
16000000	15000000	579.1480
16000000	16000000	3570.7932
16000000	17000000	645.9292
16000000	18000000	139.0408
16000000	19000000	89.7462
16000000	20000000	104.4262
16000000	21000000	99.7745
16000000	22000000	154.5306
16000000	23000000	99.6610
16000000	24000000	126.8552
16000000	25000000	168.2986
16000000	26000000	146.7696
16000000	27000000	119.5351
16000000	28000000	93.2195
16000000	29000000	108.5590
16000000	30000000	110.9147
16000000	31000000	111.9011
16000000	32000000	70.5974
16000000	33000000	93.3175
16000000	34000000	92.0248
16000000	35000000	72.2460
16000000	36000000	65.2777
16000000	37000000	76.7668
16000000	38000000	75.4487
16000000	39000000	73.8106
16000000	40000000	64.5785
16000000	41000000	69.1948
16000000	42000000	63.9931
16000000	43000000	68.7615
16000000	44000000	54.3313
16000000	45000000	32.4588
16000000	46000000	37.3099
16000000	47000000	42.4660
16000000	48000000	34.9717
16000000	49000000	44.8897
16000000	50000000	39.0326
16000000	51000000	32.8733
16000000	52000000	39.0666
16000000	53000000	36.1256
16000000	54000000	36.0572
16000000	55000000	29.0904
16000000	56000000	24.7693
16000000	57000000	21.4870
16000000	58000000	33.5401
16000000	59000000	26.9970
16000000	60000000	34.0476
17000000	1000000	72.8310
17000000	2000000	65.5013
17000000	3000000	85.2359
17000000	4000000	93.8113
17000000	5000000	98.5688
17000000	6000000	111.6515
17000000	7000000	77.8160
17000000	8000000	114.6539
17000000	9000000	104.7373
17000000	10000000	123.2804
17000000	11000000	130.1998
17000000	12000000	105.4416
17000000	13000000	101.5781
17000000	14000000	135.3749
17000000	15000000	186.5679
17000000	16000000	645.9292
17000000	17000000	2770.0147
17000000	18000000	626.8414
17000000	19000000	241.7500
17000000	20000000	178.1876
17000000	21000000	156.4434
17000000	22000000	181.4252
17000000	23000000	106.9747
17000000	24000000	138.4441
17000000	25000000	96.6104
17000000	26000000	90.8419
17000000	27000000	107.6130
17000000	28000000	91.9540
17000000	29000000	64.8398
17000000	30000000	65.3079
17000000	31000000	99.9593
17000000	32000000	83.2184
17000000	33000000	98.1040
17000000	34000000	64.5709
17000000	35000000	66.3844
17000000	36000000	74.3924
17000000	37000000	55.8808
17000000	38000000	46.6622
17000000	39000000	49.2315
17000000	40000000	52.1171
17000000	41000000	58.6183
17000000	42000000	51.4549
17000000	43000000	38.8034
17000000	44000000	41.1553
17000000	45000000	47.8166
17000000	46000000	41.3880
17000000	47000000	32.0961
17000000	48000000	24.2327
17000000	49000000	32.2306
17000000	50000000	26.9202
17000000	51000000	28.8755
17000000	52000000	30.6664
17000000	53000000	31.9440
17000000	54000000	34.3447
17000000	55000000	27.8211
17000000	56000000	20.0867
17000000	57000000	16.2290
17000000	58000000	20.3190
17000000	59000000	18.4193
17000000	60000000	26.2572
18000000	1000000	53.5273
18000000	2000000	36.2403
18000000	3000000	56.8494
18000000	4000000	81.5871
18000000	5000000	100.5994
18000000	6000000	95.7460
18000000	7000000	90.6788
18000000	8000000	104.8969
18000000	9000000	87.4250
18000000	10000000	83.5391
18000000	11000000	75.8454
18000000	12000000	118.5676
18000000	13000000	106.9470
18000000	14000000	115.3032
18000000	15000000	115.2648
18000000	16000000	139.0408
18000000	17000000	626.8414
18000000	18000000	2401.1521
18000000	19000000	812.5187
18000000	20000000	289.0403
18000000	21000000	206.0855
18000000	22000000	154.2097
18000000	23000000	123.2826
18000000	24000000	115.0102
18000000	25000000	51.4832
18000000	26000000	51.9898
18000000	27000000	72.7126
18000000	28000000	89.9090
18000000	29000000	40.3057
18000000	30000000	31.5550
18000000	31000000	70.4678
18000000	32000000	90.8594
18000000	33000000	88.5018
18000000	34000000	33.1872
18000000	35000000	49.7179
18000000	36000000	59.9610
18000000	37000000	44.4450
18000000	38000000	34.6787
18000000	39000000	29.5264
18000000	40000000	52.2111
18000000	41000000	43.5343
18000000	42000000	36.7987
18000000	43000000	28.1418
18000000	44000000	38.1998
18000000	45000000	48.1310
18000000	46000000	47.8744
18000000	47000000	22.2114
18000000	48000000	21.4892
18000000	49000000	29.0596
18000000	50000000	20.9445
18000000	51000000	20.0747
18000000	52000000	25.7945
18000000	53000000	26.6022
18000000	54000000	32.9799
18000000	55000000	29.7725
18000000	56000000	25.4041
18000000	57000000	14.1651
18000000	58000000	19.2758
18000000	59000000	15.1527
18000000	60000000	23.6886
19000000	1000000	51.6285
19000000	2000000	28.2009
19000000	3000000	48.4376
19000000	4000000	76.2385
19000000	5000000	92.8141
19000000	6000000	86.2875
19000000	7000000	91.0005
19000000	8000000	91.4937
19000000	9000000	79.6797
19000000	10000000	75.3077
19000000	11000000	68.6387
19000000	12000000	93.0906
19000000	13000000	97.6260
19000000	14000000	103.6575
19000000	15000000	92.1422
19000000	16000000	89.7462
19000000	17000000	241.7500
19000000	18000000	812.5187
19000000	19000000	2144.9381
19000000	20000000	673.7114
19000000	21000000	255.1168
19000000	22000000	162.8903
19000000	23000000	129.8410
19000000	24000000	111.1460
19000000	25000000	41.5555
19000000	26000000	42.7149
19000000	27000000	64.0100
19000000	28000000	77.6005
19000000	29000000	39.1676
19000000	30000000	32.4406
19000000	31000000	55.4385
19000000	32000000	86.3373
19000000	33000000	85.4623
19000000	34000000	32.3511
19000000	35000000	38.5082
19000000	36000000	59.8920
19000000	37000000	42.0762
19000000	38000000	30.7718
19000000	39000000	30.6724
19000000	40000000	39.9018
19000000	41000000	33.7900
19000000	42000000	38.1451
19000000	43000000	27.7305
19000000	44000000	31.9333
19000000	45000000	41.8075
19000000	46000000	42.4402
19000000	47000000	19.9368
19000000	48000000	18.3133
19000000	49000000	23.7078
19000000	50000000	16.9338
19000000	51000000	18.3292
19000000	52000000	27.8491
19000000	53000000	21.6623
19000000	54000000	27.4384
19000000	55000000	34.4653
19000000	56000000	19.4795
19000000	57000000	9.5718
19000000	58000000	18.2170
19000000	59000000	12.8268
19000000	60000000	17.5952
20000000	1000000	56.2837
20000000	2000000	30.5327
20000000	3000000	58.0269
20000000	4000000	73.9797
20000000	5000000	93.7135
20000000	6000000	80.3357
20000000	7000000	82.4373
20000000	8000000	96.7551
20000000	9000000	93.9380
20000000	10000000	80.5176
20000000	11000000	85.4339
20000000	12000000	100.4739
20000000	13000000	102.7524
20000000	14000000	110.2299
20000000	15000000	111.2690
20000000	16000000	104.4262
20000000	17000000	178.1876
20000000	18000000	289.0403
20000000	19000000	673.7114
20000000	20000000	2518.9193
20000000	21000000	881.5957
20000000	22000000	253.4076
20000000	23000000	152.5395
20000000	24000000	143.6807
20000000	25000000	68.3044
20000000	26000000	42.2744
20000000	27000000	78.7768
20000000	28000000	78.8767
20000000	29000000	42.2509
20000000	30000000	36.0573
20000000	31000000	67.8228
20000000	32000000	84.0646
20000000	33000000	78.0859
20000000	34000000	36.3265
20000000	35000000	45.6074
20000000	36000000	63.2899
20000000	37000000	52.7124
20000000	38000000	31.0865
20000000	39000000	25.6863
20000000	40000000	49.6208
20000000	41000000	47.0785
20000000	42000000	35.6687
20000000	43000000	31.7770
20000000	44000000	36.8433
20000000	45000000	54.4502
20000000	46000000	44.7284
20000000	47000000	23.3200
20000000	48000000	16.8141
20000000	49000000	25.8090
20000000	50000000	20.6461
20000000	51000000	23.0811
20000000	52000000	33.7266
20000000	53000000	25.4065
20000000	54000000	34.9018
20000000	55000000	37.0781
20000000	56000000	22.1110
20000000	57000000	17.8594
20000000	58000000	18.4920
20000000	59000000	19.2452
20000000	60000000	21.2743
21000000	1000000	54.9851
21000000	2000000	39.6970
21000000	3000000	64.5993
21000000	4000000	74.1952
21000000	5000000	95.7361
21000000	6000000	93.6175
21000000	7000000	80.8542
21000000	8000000	91.1227
21000000	9000000	90.7902
21000000	10000000	91.1311
21000000	11000000	92.5241
21000000	12000000	88.2663
21000000	13000000	86.3265
21000000	14000000	113.2718
21000000	15000000	108.8893
21000000	16000000	99.7745
21000000	17000000	156.4434
21000000	18000000	206.0855
21000000	19000000	255.1168
21000000	20000000	881.5957
21000000	21000000	2303.5528
21000000	22000000	712.2549
21000000	23000000	218.1805
21000000	24000000	164.8260
21000000	25000000	77.2758
21000000	26000000	61.0084
21000000	27000000	86.7962
21000000	28000000	91.9359
21000000	29000000	46.3061
21000000	30000000	49.7818
21000000	31000000	74.3188
21000000	32000000	99.9681
21000000	33000000	95.1174
21000000	34000000	39.7500
21000000	35000000	52.6410
21000000	36000000	77.0082
21000000	37000000	59.0687
21000000	38000000	36.2506
21000000	39000000	32.3280
21000000	40000000	46.9356
21000000	41000000	43.2451
21000000	42000000	41.1501
21000000	43000000	31.3883
21000000	44000000	38.7937
21000000	45000000	48.8964
21000000	46000000	55.4361
21000000	47000000	31.1245
21000000	48000000	24.8247
21000000	49000000	28.5186
21000000	50000000	22.0764
21000000	51000000	17.2467
21000000	52000000	38.9987
21000000	53000000	28.3985
21000000	54000000	29.1624
21000000	55000000	32.8970
21000000	56000000	25.1806
21000000	57000000	15.5748
21000000	58000000	15.6227
21000000	59000000	14.6740
21000000	60000000	27.5103
22000000	1000000	73.1233
22000000	2000000	65.5261
22000000	3000000	72.7975
22000000	4000000	84.1514
22000000	5000000	93.3255
22000000	6000000	92.7474
22000000	7000000	69.2264
22000000	8000000	99.5273
22000000	9000000	92.7339
22000000	10000000	122.7711
22000000	11000000	119.0867
22000000	12000000	99.3793
22000000	13000000	91.9311
22000000	14000000	120.5890
22000000	15000000	109.6287
22000000	16000000	154.5306
22000000	17000000	181.4252
22000000	18000000	154.2097
22000000	19000000	162.8903
22000000	20000000	253.4076
22000000	21000000	712.2549
22000000	22000000	2894.2214
22000000	23000000	551.5608
22000000	24000000	279.6863
22000000	25000000	132.8725
22000000	26000000	97.4609
22000000	27000000	109.6959
22000000	28000000	101.8370
22000000	29000000	66.8406
22000000	30000000	62.6955
22000000	31000000	105.3850
22000000	32000000	112.2283
22000000	33000000	108.2636
22000000	34000000	61.4235
22000000	35000000	70.6342
22000000	36000000	75.6172
22000000	37000000	74.4678
22000000	38000000	48.9940
22000000	39000000	53.6226
22000000	40000000	68.1225
22000000	41000000	64.7858
22000000	42000000	50.0157
22000000	43000000	49.4119
22000000	44000000	51.9069
22000000	45000000	62.3727
22000000	46000000	53.7356
22000000	47000000	40.1087
22000000	48000000	27.6490
22000000	49000000	35.2073
22000000	50000000	33.1670
22000000	51000000	32.2285
22000000	52000000	38.3141
22000000	53000000	33.5277
22000000	54000000	37.1362
22000000	55000000	34.1854
22000000	56000000	29.6385
22000000	57000000	18.8167
22000000	58000000	23.1493
22000000	59000000	25.2987
22000000	60000000	27.6844
23000000	1000000	51.7032
23000000	2000000	33.0265
23000000	3000000	54.4339
23000000	4000000	65.2246
23000000	5000000	93.7033
23000000	6000000	73.6912
23000000	7000000	72.6306
23000000	8000000	88.7144
23000000	9000000	71.2658
23000000	10000000	82.3554
23000000	11000000	78.8713
23000000	12000000	97.0474
23000000	13000000	89.4193
23000000	14000000	101.4215
23000000	15000000	92.9410
23000000	16000000	99.6610
23000000	17000000	106.9747
23000000	18000000	123.2826
23000000	19000000	129.8410
23000000	20000000	152.5395
23000000	21000000	218.1805
23000000	22000000	551.5608
23000000	23000000	2224.9947
23000000	24000000	696.3762
23000000	25000000	111.0640
23000000	26000000	80.0391
23000000	27000000	86.5400
23000000	28000000	90.2606
23000000	29000000	52.1935
23000000	30000000	37.5818
23000000	31000000	70.5271
23000000	32000000	99.2216
23000000	33000000	92.1035
23000000	34000000	37.3083
23000000	35000000	55.7020
23000000	36000000	68.9787
23000000	37000000	55.8093
23000000	38000000	32.0937
23000000	39000000	35.4560
23000000	40000000	50.8766
23000000	41000000	45.6069
23000000	42000000	43.3023
23000000	43000000	30.9663
23000000	44000000	38.1762
23000000	45000000	55.3221
23000000	46000000	56.5465
23000000	47000000	21.5247
23000000	48000000	18.6761
23000000	49000000	32.6587
23000000	50000000	19.0185
23000000	51000000	22.6017
23000000	52000000	30.7642
23000000	53000000	28.2748
23000000	54000000	33.6399
23000000	55000000	31.1302
23000000	56000000	27.0418
23000000	57000000	14.8752
23000000	58000000	19.2549
23000000	59000000	13.9663
23000000	60000000	18.5101
24000000	1000000	71.8786
24000000	2000000	62.6266
24000000	3000000	78.0080
24000000	4000000	80.2784
24000000	5000000	97.2021
24000000	6000000	92.0268
24000000	7000000	74.5039
24000000	8000000	93.9074
24000000	9000000	84.2601
24000000	10000000	100.0693
24000000	11000000	117.8305
24000000	12000000	100.9698
24000000	13000000	99.9115
24000000	14000000	120.0458
24000000	15000000	111.3631
24000000	16000000	126.8552
24000000	17000000	138.4441
24000000	18000000	115.0102
24000000	19000000	111.1460
24000000	20000000	143.6807
24000000	21000000	164.8260
24000000	22000000	279.6863
24000000	23000000	696.3762
24000000	24000000	3125.2193
24000000	25000000	508.8282
24000000	26000000	141.7404
24000000	27000000	140.3543
24000000	28000000	123.9441
24000000	29000000	81.6967
24000000	30000000	64.0451
24000000	31000000	102.3718
24000000	32000000	110.1833
24000000	33000000	128.5413
24000000	34000000	71.7966
24000000	35000000	77.6865
24000000	36000000	91.2519
24000000	37000000	72.8472
24000000	38000000	48.7925
24000000	39000000	47.9801
24000000	40000000	66.1189
24000000	41000000	64.5256
24000000	42000000	54.7579
24000000	43000000	53.7094
24000000	44000000	51.9418
24000000	45000000	52.9559
24000000	46000000	55.9194
24000000	47000000	36.3864
24000000	48000000	28.7755
24000000	49000000	35.3351
24000000	50000000	36.7581
24000000	51000000	34.6331
24000000	52000000	42.3813
24000000	53000000	38.8495
24000000	54000000	40.5964
24000000	55000000	34.0563
24000000	56000000	28.0443
24000000	57000000	22.6741
24000000	58000000	28.6801
24000000	59000000	22.2088
24000000	60000000	28.5544
25000000	1000000	84.5125
25000000	2000000	101.9639
25000000	3000000	75.6842
25000000	4000000	63.2956
25000000	5000000	48.8424
25000000	6000000	60.9490
25000000	7000000	38.6084
25000000	8000000	54.4494
25000000	9000000	59.0781
25000000	10000000	97.7776
25000000	11000000	107.6475
25000000	12000000	50.9442
25000000	13000000	44.8156
25000000	14000000	73.4394
25000000	15000000	100.1517
25000000	16000000	168.2986
25000000	17000000	96.6104
25000000	18000000	51.4832
25000000	19000000	41.5555
25000000	20000000	68.3044
25000000	21000000	77.2758
25000000	22000000	132.8725
25000000	23000000	111.0640
25000000	24000000	508.8282
25000000	25000000	2995.6963
25000000	26000000	780.5899
25000000	27000000	182.0426
25000000	28000000	111.8842
25000000	29000000	147.1429
25000000	30000000	131.9244
25000000	31000000	111.7864
25000000	32000000	75.0244
25000000	33000000	88.6059
25000000	34000000	128.5932
25000000	35000000	93.1852
25000000	36000000	76.4358
25000000	37000000	90.1208
25000000	38000000	93.9916
25000000	39000000	90.8612
25000000	40000000	74.2119
25000000	41000000	95.4680
25000000	42000000	82.0848
25000000	43000000	79.5019
25000000	44000000	48.1953
25000000	45000000	38.3395
25000000	46000000	42.3423
25000000	47000000	59.8217
25000000	48000000	52.5172
25000000	49000000	53.7433
25000000	50000000	50.6574
25000000	51000000	44.5319
25000000	52000000	42.5765
25000000	53000000	41.6288
25000000	54000000	31.2617
25000000	55000000	28.8362
25000000	56000000	23.8109
25000000	57000000	29.6463
25000000	58000000	37.7999
25000000	59000000	35.0242
25000000	60000000	34.5883
26000000	1000000	70.4463
26000000	2000000	99.0041
26000000	3000000	60.6675
26000000	4000000	58.6635
26000000	5000000	50.8014
26000000	6000000	58.4677
26000000	7000000	37.9228
26000000	8000000	50.9109
26000000	9000000	55.0294
26000000	10000000	98.8142
26000000	11000000	88.4532
26000000	12000000	55.8423
26000000	13000000	43.3104
26000000	14000000	66.8561
26000000	15000000	94.1082
26000000	16000000	146.7696
26000000	17000000	90.8419
26000000	18000000	51.9898
26000000	19000000	42.7149
26000000	20000000	42.2744
26000000	21000000	61.0084
26000000	22000000	97.4609
26000000	23000000	80.0391
26000000	24000000	141.7404
26000000	25000000	780.5899
26000000	26000000	3112.2419
26000000	27000000	623.0671
26000000	28000000	155.7262
26000000	29000000	183.9082
26000000	30000000	143.9186
26000000	31000000	115.6616
26000000	32000000	78.6859
26000000	33000000	95.1622
26000000	34000000	109.6777
26000000	35000000	90.9942
26000000	36000000	66.2743
26000000	37000000	85.8423
26000000	38000000	90.7792
26000000	39000000	89.4877
26000000	40000000	82.7437
26000000	41000000	80.9033
26000000	42000000	99.7667
26000000	43000000	83.8500
26000000	44000000	57.7881
26000000	45000000	43.5427
26000000	46000000	33.3308
26000000	47000000	65.6427
26000000	48000000	52.3323
26000000	49000000	54.1458
26000000	50000000	52.6494
26000000	51000000	44.2480
