1000000	1000000	1280.6593
1000000	2000000	536.4219
1000000	3000000	100.3966
1000000	4000000	100.7382
1000000	5000000	53.1470
1000000	6000000	86.8919
1000000	7000000	56.2270
1000000	8000000	96.3486
1000000	9000000	54.4087
1000000	10000000	89.6933
1000000	11000000	11.3616
1000000	12000000	42.1415
1000000	13000000	48.6541
1000000	14000000	49.4690
1000000	15000000	57.4119
1000000	16000000	78.7116
1000000	17000000	54.6878
1000000	18000000	45.9272
1000000	19000000	43.7536
1000000	20000000	76.3793
1000000	21000000	42.6061
1000000	22000000	48.8565
1000000	23000000	44.5788
1000000	24000000	33.4283
1000000	25000000	31.8003
1000000	26000000	66.9522
1000000	27000000	57.0490
1000000	28000000	50.0027
1000000	29000000	32.2439
1000000	30000000	39.4762
1000000	31000000	24.7937
1000000	32000000	25.0960
1000000	33000000	33.8738
1000000	34000000	23.5756
1000000	35000000	42.4083
1000000	36000000	45.3159
1000000	37000000	27.4055
1000000	38000000	35.4221
1000000	39000000	27.6949
1000000	40000000	35.5250
1000000	41000000	38.3910
1000000	42000000	26.3756
1000000	43000000	33.6511
1000000	44000000	30.6373
1000000	45000000	16.6283
1000000	46000000	21.2231
1000000	47000000	17.1881
1000000	48000000	15.0123
1000000	49000000	13.6999
1000000	50000000	26.3650
1000000	51000000	25.0902
1000000	52000000	24.4636
1000000	53000000	27.5772
1000000	54000000	21.9610
1000000	55000000	20.0860
1000000	56000000	20.4219
1000000	57000000	11.9693
1000000	58000000	12.8986
1000000	59000000	18.9646
1000000	60000000	7.4766
2000000	1000000	536.4219
2000000	2000000	3004.2847
2000000	3000000	809.0841
2000000	4000000	326.1632
2000000	5000000	147.7881
2000000	6000000	156.8474
2000000	7000000	109.5591
2000000	8000000	143.6162
2000000	9000000	93.5346
2000000	10000000	157.0086
2000000	11000000	20.8296
2000000	12000000	79.1290
2000000	13000000	88.2319
2000000	14000000	83.3772
2000000	15000000	98.8104
2000000	16000000	135.4078
2000000	17000000	90.8784
2000000	18000000	97.7836
2000000	19000000	78.8799
2000000	20000000	125.7058
2000000	21000000	71.3876
2000000	22000000	77.6506
2000000	23000000	73.6297
2000000	24000000	67.8821
2000000	25000000	76.6247
2000000	26000000	105.8591
2000000	27000000	95.1554
2000000	28000000	96.3135
2000000	29000000	77.3377
2000000	30000000	65.4348
2000000	31000000	52.1754
2000000	32000000	51.2735
2000000	33000000	61.7380
2000000	34000000	46.7067
2000000	35000000	73.1591
2000000	36000000	80.1863
2000000	37000000	57.5648
2000000	38000000	62.4437
2000000	39000000	49.9899
2000000	40000000	61.8922
2000000	41000000	59.8567
2000000	42000000	48.6941
2000000	43000000	59.3842
2000000	44000000	56.4659
2000000	45000000	33.1289
2000000	46000000	36.2795
2000000	47000000	32.2186
2000000	48000000	37.0147
2000000	49000000	37.1211
2000000	50000000	48.8829
2000000	51000000	33.5623
2000000	52000000	43.9292
2000000	53000000	36.4355
2000000	54000000	41.6227
2000000	55000000	40.8537
2000000	56000000	42.0901
2000000	57000000	28.9631
2000000	58000000	35.6768
2000000	59000000	38.3538
2000000	60000000	22.8122
3000000	1000000	100.3966
3000000	2000000	809.0841
3000000	3000000	2512.3660
3000000	4000000	521.9898
3000000	5000000	191.3677
3000000	6000000	124.9235
3000000	7000000	120.8282
3000000	8000000	81.8873
3000000	9000000	60.4569
3000000	10000000	67.3233
3000000	11000000	17.0424
3000000	12000000	39.3300
3000000	13000000	81.2090
3000000	14000000	84.1444
3000000	15000000	87.1603
3000000	16000000	82.9250
3000000	17000000	83.2919
3000000	18000000	82.8424
3000000	19000000	92.8729
3000000	20000000	77.3967
3000000	21000000	64.5734
3000000	22000000	80.7986
3000000	23000000	86.9831
3000000	24000000	77.8975
3000000	25000000	98.9581
3000000	26000000	69.8899
3000000	27000000	66.3865
3000000	28000000	54.5641
3000000	29000000	63.6855
3000000	30000000	65.3498
3000000	31000000	49.1633
3000000	32000000	57.6663
3000000	33000000	52.7620
3000000	34000000	42.5118
3000000	35000000	41.1276
3000000	36000000	32.1574
3000000	37000000	42.0469
3000000	38000000	37.7956
3000000	39000000	46.0797
3000000	40000000	31.7866
3000000	41000000	39.7619
3000000	42000000	25.1453
3000000	43000000	27.5682
3000000	44000000	43.4537
3000000	45000000	36.7791
3000000	46000000	29.4128
3000000	47000000	27.8863
3000000	48000000	24.7457
3000000	49000000	32.2307
3000000	50000000	32.2769
3000000	51000000	27.4420
3000000	52000000	27.8935
3000000	53000000	26.9566
3000000	54000000	22.7902
3000000	55000000	28.0439
3000000	56000000	24.6378
3000000	57000000	24.5641
3000000	58000000	24.3686
3000000	59000000	28.9549
3000000	60000000	19.8480
4000000	1000000	100.7382
4000000	2000000	326.1632
4000000	3000000	521.9898
4000000	4000000	2425.4392
4000000	5000000	862.6866
4000000	6000000	279.2056
4000000	7000000	157.8895
4000000	8000000	151.5983
4000000	9000000	83.8043
4000000	10000000	127.7303
4000000	11000000	18.9360
4000000	12000000	50.8399
4000000	13000000	84.7881
4000000	14000000	86.8417
4000000	15000000	95.0666
4000000	16000000	124.0193
4000000	17000000	110.5159
4000000	18000000	86.2530
4000000	19000000	89.8141
4000000	20000000	98.9891
4000000	21000000	68.5771
4000000	22000000	99.9790
4000000	23000000	83.2731
4000000	24000000	70.9632
4000000	25000000	88.8924
4000000	26000000	101.1348
4000000	27000000	90.2585
4000000	28000000	97.1642
4000000	29000000	93.0637
4000000	30000000	65.7870
4000000	31000000	46.7284
4000000	32000000	56.9811
4000000	33000000	56.1720
4000000	34000000	45.1211
4000000	35000000	63.4506
4000000	36000000	59.7910
4000000	37000000	62.0734
4000000	38000000	50.4847
4000000	39000000	50.7483
4000000	40000000	48.1020
4000000	41000000	49.4372
4000000	42000000	40.0784
4000000	43000000	42.6822
4000000	44000000	54.4296
4000000	45000000	36.0935
4000000	46000000	34.9998
4000000	47000000	31.8433
4000000	48000000	30.9974
4000000	49000000	35.6384
4000000	50000000	37.0833
4000000	51000000	38.3207
4000000	52000000	36.3188
4000000	53000000	31.1015
4000000	54000000	31.0174
4000000	55000000	35.9935
4000000	56000000	29.8256
4000000	57000000	30.1305
4000000	58000000	30.9181
4000000	59000000	32.9096
4000000	60000000	21.3157
5000000	1000000	53.1470
5000000	2000000	147.7881
5000000	3000000	191.3677
5000000	4000000	862.6866
5000000	5000000	2291.6900
5000000	6000000	753.2982
5000000	7000000	237.4916
5000000	8000000	148.6309
5000000	9000000	74.4390
5000000	10000000	98.0196
5000000	11000000	13.2552
5000000	12000000	39.4668
5000000	13000000	75.8418
5000000	14000000	72.6399
5000000	15000000	74.5356
5000000	16000000	92.8524
5000000	17000000	81.5868
5000000	18000000	80.8407
5000000	19000000	72.3672
5000000	20000000	77.2539
5000000	21000000	61.1815
5000000	22000000	71.2586
5000000	23000000	74.8319
5000000	24000000	70.7737
5000000	25000000	87.1303
5000000	26000000	72.3334
5000000	27000000	69.2711
5000000	28000000	65.9587
5000000	29000000	76.3921
5000000	30000000	60.5149
5000000	31000000	51.1640
5000000	32000000	41.5531
5000000	33000000	55.4297
5000000	34000000	41.3723
5000000	35000000	45.8746
5000000	36000000	38.9985
5000000	37000000	47.8833
5000000	38000000	38.5096
5000000	39000000	43.9607
5000000	40000000	36.8267
5000000	41000000	40.9500
5000000	42000000	24.8886
5000000	43000000	30.4712
5000000	44000000	46.4188
5000000	45000000	34.0597
5000000	46000000	27.1355
5000000	47000000	29.7082
5000000	48000000	27.0247
5000000	49000000	29.2152
5000000	50000000	34.2295
5000000	51000000	34.8870
5000000	52000000	31.1655
5000000	53000000	26.2817
5000000	54000000	26.8156
5000000	55000000	28.3778
5000000	56000000	25.5404
5000000	57000000	20.3231
5000000	58000000	24.1894
5000000	59000000	28.8961
5000000	60000000	19.4457
6000000	1000000	86.8919
6000000	2000000	156.8474
6000000	3000000	124.9235
6000000	4000000	279.2056
6000000	5000000	753.2982
6000000	6000000	2924.1754
6000000	7000000	840.3372
6000000	8000000	329.2441
6000000	9000000	102.6473
6000000	10000000	154.1375
6000000	11000000	18.9360
6000000	12000000	55.9709
6000000	13000000	69.4623
6000000	14000000	74.1496
6000000	15000000	84.9286
6000000	16000000	96.4550
6000000	17000000	81.3819
6000000	18000000	81.7442
6000000	19000000	81.2620
6000000	20000000	97.9324
6000000	21000000	63.2497
6000000	22000000	82.6765
6000000	23000000	71.4782
6000000	24000000	58.8236
6000000	25000000	73.8413
6000000	26000000	94.0135
6000000	27000000	83.9993
6000000	28000000	76.4773
6000000	29000000	72.8339
6000000	30000000	64.9526
6000000	31000000	44.9344
6000000	32000000	52.3522
6000000	33000000	54.3632
6000000	34000000	47.5233
6000000	35000000	62.9633
6000000	36000000	58.0519
6000000	37000000	51.6009
6000000	38000000	53.3099
6000000	39000000	41.3137
6000000	40000000	50.5830
6000000	41000000	50.1956
6000000	42000000	43.4179
6000000	43000000	46.1622
6000000	44000000	48.7560
6000000	45000000	39.6992
6000000	46000000	36.1811
6000000	47000000	24.6444
6000000	48000000	28.4638
6000000	49000000	29.0163
6000000	50000000	37.6710
6000000	51000000	36.9746
6000000	52000000	43.7435
6000000	53000000	34.5619
6000000	54000000	30.3595
6000000	55000000	38.8267
6000000	56000000	27.0124
6000000	57000000	29.0901
6000000	58000000	28.7898
6000000	59000000	33.1976
6000000	60000000	23.6294
7000000	1000000	56.2270
7000000	2000000	109.5591
7000000	3000000	120.8282
7000000	4000000	157.8895
7000000	5000000	237.4916
7000000	6000000	840.3372
7000000	7000000	2343.0099
7000000	8000000	621.8619
7000000	9000000	91.3919
7000000	10000000	122.1098
7000000	11000000	17.0424
7000000	12000000	44.0243
7000000	13000000	82.2763
7000000	14000000	73.4108
7000000	15000000	81.5624
7000000	16000000	87.0137
7000000	17000000	77.1880
7000000	18000000	72.8180
7000000	19000000	83.9890
7000000	20000000	78.3868
7000000	21000000	66.7194
7000000	22000000	78.4545
7000000	23000000	79.4343
7000000	24000000	73.6771
7000000	25000000	82.2121
7000000	26000000	65.4843
7000000	27000000	70.8399
7000000	28000000	56.9186
7000000	29000000	63.2499
7000000	30000000	55.3409
7000000	31000000	49.1215
7000000	32000000	49.1271
7000000	33000000	61.7937
7000000	34000000	60.5770
7000000	35000000	49.9311
7000000	36000000	43.3983
7000000	37000000	51.2587
7000000	38000000	43.7463
7000000	39000000	45.4675
7000000	40000000	35.1227
7000000	41000000	48.4951
7000000	42000000	29.7553
7000000	43000000	33.2933
7000000	44000000	37.1557
7000000	45000000	36.7459
7000000	46000000	30.1575
7000000	47000000	24.1846
7000000	48000000	27.9484
7000000	49000000	31.9517
7000000	50000000	30.8304
7000000	51000000	32.4034
7000000	52000000	39.6358
7000000	53000000	31.4923
7000000	54000000	25.9767
7000000	55000000	32.5854
7000000	56000000	24.8365
7000000	57000000	28.5237
7000000	58000000	35.8886
7000000	59000000	30.2372
7000000	60000000	19.5077
8000000	1000000	96.3486
8000000	2000000	143.6162
8000000	3000000	81.8873
8000000	4000000	151.5983
8000000	5000000	148.6309
8000000	6000000	329.2441
8000000	7000000	621.8619
8000000	8000000	2153.9944
8000000	9000000	340.9877
8000000	10000000	427.8829
8000000	11000000	46.3933
8000000	12000000	101.5546
8000000	13000000	89.4143
8000000	14000000	82.8216
8000000	15000000	79.6958
8000000	16000000	114.3872
8000000	17000000	70.0156
8000000	18000000	75.8770
8000000	19000000	71.9020
8000000	20000000	105.4503
8000000	21000000	53.1799
8000000	22000000	75.7867
8000000	23000000	59.5529
8000000	24000000	46.6319
8000000	25000000	60.8162
8000000	26000000	96.3443
8000000	27000000	88.5614
8000000	28000000	86.8524
8000000	29000000	66.3873
8000000	30000000	65.4901
8000000	31000000	42.2713
8000000	32000000	51.7010
8000000	33000000	60.6541
8000000	34000000	39.1961
8000000	35000000	76.8430
8000000	36000000	80.9733
8000000	37000000	62.4217
8000000	38000000	62.0097
8000000	39000000	52.9864
8000000	40000000	68.7251
8000000	41000000	62.5623
8000000	42000000	43.5468
8000000	43000000	56.3937
8000000	44000000	51.0296
8000000	45000000	35.1900
8000000	46000000	28.6591
8000000	47000000	24.4787
8000000	48000000	22.6368
8000000	49000000	25.4046
8000000	50000000	36.6658
8000000	51000000	33.2133
8000000	52000000	38.6591
8000000	53000000	40.1912
8000000	54000000	39.7156
8000000	55000000	41.0038
8000000	56000000	31.6975
8000000	57000000	24.2610
8000000	58000000	28.7431
8000000	59000000	27.7398
8000000	60000000	20.6835
9000000	1000000	54.4087
9000000	2000000	93.5346
9000000	3000000	60.4569
9000000	4000000	83.8043
9000000	5000000	74.4390
9000000	6000000	102.6473
9000000	7000000	91.3919
9000000	8000000	340.9877
9000000	9000000	455.1631
9000000	10000000	778.5759
9000000	11000000	85.2121
9000000	12000000	208.8437
9000000	13000000	95.6603
9000000	14000000	88.7841
9000000	15000000	112.0641
9000000	16000000	92.4107
9000000	17000000	59.2725
9000000	18000000	60.8363
9000000	19000000	64.5798
9000000	20000000	99.0647
9000000	21000000	61.6755
9000000	22000000	68.5711
9000000	23000000	67.7730
9000000	24000000	53.5581
9000000	25000000	52.6702
9000000	26000000	71.1915
9000000	27000000	67.0043
9000000	28000000	75.3359
9000000	29000000	61.6135
9000000	30000000	63.3817
9000000	31000000	41.7631
9000000	32000000	47.5052
9000000	33000000	60.5212
9000000	34000000	45.1513
9000000	35000000	50.0173
9000000	36000000	70.4849
9000000	37000000	54.6580
9000000	38000000	53.3797
9000000	39000000	42.2021
9000000	40000000	56.2527
9000000	41000000	52.4353
9000000	42000000	42.7749
9000000	43000000	45.8262
9000000	44000000	32.8601
9000000	45000000	36.6818
9000000	46000000	28.8433
9000000	47000000	25.1623
9000000	48000000	27.2401
9000000	49000000	31.9335
9000000	50000000	49.2269
9000000	51000000	31.6272
9000000	52000000	51.6553
9000000	53000000	43.8763
9000000	54000000	34.0751
9000000	55000000	44.8855
9000000	56000000	46.6359
9000000	57000000	23.0668
9000000	58000000	27.7970
9000000	59000000	27.2563
9000000	60000000	16.8265
10000000	1000000	89.6933
10000000	2000000	157.0086
10000000	3000000	67.3233
10000000	4000000	127.7303
10000000	5000000	98.0196
10000000	6000000	154.1375
10000000	7000000	122.1098
10000000	8000000	427.8829
10000000	9000000	778.5759
10000000	10000000	1874.5409
10000000	11000000	95.6269
10000000	12000000	214.0438
10000000	13000000	131.7405
10000000	14000000	116.3118
10000000	15000000	103.1685
10000000	16000000	126.9477
10000000	17000000	90.1378
10000000	18000000	87.1460
10000000	19000000	65.3643
10000000	20000000	105.6060
10000000	21000000	75.8069
10000000	22000000	76.3451
10000000	23000000	82.4816
10000000	24000000	62.1269
10000000	25000000	69.9083
10000000	26000000	132.1684
10000000	27000000	119.9918
10000000	28000000	104.7021
10000000	29000000	81.0054
10000000	30000000	69.4932
10000000	31000000	46.5974
10000000	32000000	67.3262
10000000	33000000	70.0483
10000000	34000000	49.5926
10000000	35000000	99.1522
10000000	36000000	96.2506
10000000	37000000	81.7656
10000000	38000000	83.9946
10000000	39000000	63.8039
10000000	40000000	74.3815
10000000	41000000	71.4860
10000000	42000000	63.2086
10000000	43000000	59.7107
10000000	44000000	47.8536
10000000	45000000	50.0080
10000000	46000000	48.0460
10000000	47000000	34.0196
10000000	48000000	32.7234
10000000	49000000	31.6124
10000000	50000000	57.0206
10000000	51000000	58.6401
10000000	52000000	69.7440
10000000	53000000	62.9662
10000000	54000000	53.3798
10000000	55000000	65.6197
10000000	56000000	53.4061
10000000	57000000	30.3580
10000000	58000000	39.9952
10000000	59000000	40.2755
10000000	60000000	23.9213
11000000	1000000	11.3616
11000000	2000000	20.8296
11000000	3000000	17.0424
11000000	4000000	18.9360
11000000	5000000	13.2552
11000000	6000000	18.9360
11000000	7000000	17.0424
11000000	8000000	46.3933
11000000	9000000	85.2121
11000000	10000000	95.6269
11000000	11000000	154.3302
11000000	12000000	81.4252
11000000	13000000	45.4464
11000000	14000000	21.7764
11000000	15000000	24.6168
11000000	16000000	24.6168
11000000	17000000	17.0424
11000000	18000000	17.0424
11000000	19000000	20.8296
11000000	20000000	22.7232
11000000	21000000	15.1488
11000000	22000000	22.7232
11000000	23000000	23.6700
11000000	24000000	16.0956
11000000	25000000	17.0424
11000000	26000000	17.9892
11000000	27000000	28.4040
11000000	28000000	17.9892
11000000	29000000	16.0956
11000000	30000000	20.8296
11000000	31000000	14.2020
11000000	32000000	11.3616
11000000	33000000	6.6276
11000000	34000000	7.5744
11000000	35000000	15.1488
11000000	36000000	22.7232
11000000	37000000	19.8828
11000000	38000000	13.2552
11000000	39000000	10.4148
11000000	40000000	9.4680
11000000	41000000	15.1488
11000000	42000000	12.3084
11000000	43000000	15.1488
11000000	44000000	10.4148
11000000	45000000	9.4680
11000000	46000000	11.3616
11000000	47000000	8.5212
11000000	48000000	11.3616
11000000	49000000	11.3616
11000000	50000000	12.3084
11000000	51000000	12.3084
11000000	52000000	7.5744
11000000	53000000	13.2552
11000000	54000000	12.3084
11000000	55000000	7.5744
11000000	56000000	11.3616
11000000	57000000	11.3616
11000000	58000000	5.6808
11000000	59000000	7.5744
11000000	60000000	5.6808
12000000	1000000	42.1415
12000000	2000000	79.1290
12000000	3000000	39.3300
12000000	4000000	50.8399
12000000	5000000	39.4668
12000000	6000000	55.9709
12000000	7000000	44.0243
12000000	8000000	101.5546
12000000	9000000	208.8437
12000000	10000000	214.0438
12000000	11000000	81.4252
12000000	12000000	1018.6484
12000000	13000000	436.0721
12000000	14000000	147.5475
12000000	15000000	92.1212
12000000	16000000	99.2158
12000000	17000000	46.0483
12000000	18000000	48.9569
12000000	19000000	41.1138
12000000	20000000	64.8011
12000000	21000000	33.5624
12000000	22000000	34.6783
12000000	23000000	34.6031
12000000	24000000	34.4834
12000000	25000000	36.3710
12000000	26000000	73.0173
12000000	27000000	62.7929
12000000	28000000	58.2883
12000000	29000000	35.9831
12000000	30000000	34.1738
12000000	31000000	32.2082
12000000	32000000	26.8289
12000000	33000000	42.0990
12000000	34000000	29.2255
12000000	35000000	55.6397
12000000	36000000	58.0528
12000000	37000000	41.8235
12000000	38000000	43.7775
12000000	39000000	27.5187
12000000	40000000	45.2657
12000000	41000000	40.6313
12000000	42000000	40.6816
12000000	43000000	39.2881
12000000	44000000	34.2773
12000000	45000000	24.2122
12000000	46000000	20.1734
12000000	47000000	17.9491
12000000	48000000	13.3129
12000000	49000000	19.9421
12000000	50000000	28.1965
12000000	51000000	24.9150
12000000	52000000	27.0366
12000000	53000000	31.0529
12000000	54000000	22.5628
12000000	55000000	30.4880
12000000	56000000	25.0106
12000000	57000000	15.9467
12000000	58000000	17.8404
12000000	59000000	19.8661
12000000	60000000	11.8864
13000000	1000000	48.6541
13000000	2000000	88.2319
13000000	3000000	81.2090
13000000	4000000	84.7881
13000000	5000000	75.8418
13000000	6000000	69.4623
13000000	7000000	82.2763
13000000	8000000	89.4143
13000000	9000000	95.6603
13000000	10000000	131.7405
13000000	11000000	45.4464
13000000	12000000	436.0721
13000000	13000000	1660.0368
13000000	14000000	697.5655
13000000	15000000	246.3810
13000000	16000000	126.7741
13000000	17000000	93.3605
13000000	18000000	82.3736
13000000	19000000	76.6625
13000000	20000000	81.9246
13000000	21000000	55.0665
13000000	22000000	79.9953
13000000	23000000	76.9861
13000000	24000000	64.6806
13000000	25000000	77.4759
13000000	26000000	76.8622
13000000	27000000	74.0948
13000000	28000000	59.0606
13000000	29000000	66.8828
13000000	30000000	60.4445
13000000	31000000	48.3355
13000000	32000000	47.3095
13000000	33000000	57.2046
13000000	34000000	47.4315
13000000	35000000	55.3797
13000000	36000000	47.8859
13000000	37000000	56.9285
13000000	38000000	46.3916
13000000	39000000	57.0789
13000000	40000000	44.1361
13000000	41000000	54.7992
13000000	42000000	36.6923
13000000	43000000	36.5656
13000000	44000000	58.3609
13000000	45000000	38.4710
13000000	46000000	40.8225
13000000	47000000	27.0026
13000000	48000000	23.7863
13000000	49000000	37.1605
13000000	50000000	31.3112
13000000	51000000	35.4601
13000000	52000000	36.9763
13000000	53000000	30.6491
13000000	54000000	34.8942
13000000	55000000	34.1263
13000000	56000000	28.9339
13000000	57000000	27.8338
13000000	58000000	30.0849
13000000	59000000	31.3679
13000000	60000000	17.7112
14000000	1000000	49.4690
14000000	2000000	83.3772
14000000	3000000	84.1444
14000000	4000000	86.8417
14000000	5000000	72.6399
14000000	6000000	74.1496
14000000	7000000	73.4108
14000000	8000000	82.8216
14000000	9000000	88.7841
14000000	10000000	116.3118
14000000	11000000	21.7764
14000000	12000000	147.5475
14000000	13000000	697.5655
14000000	14000000	1661.7162
14000000	15000000	590.6009
14000000	16000000	180.9443
14000000	17000000	104.5848
14000000	18000000	84.0322
14000000	19000000	76.8017
14000000	20000000	85.2467
14000000	21000000	56.3436
14000000	22000000	69.8523
14000000	23000000	74.9353
14000000	24000000	61.3239
14000000	25000000	76.3678
14000000	26000000	83.5128
14000000	27000000	68.9528
14000000	28000000	65.9798
14000000	29000000	64.3318
14000000	30000000	59.4835
14000000	31000000	45.5740
14000000	32000000	50.8835
14000000	33000000	51.8332
14000000	34000000	47.8793
14000000	35000000	61.8869
14000000	36000000	52.0239
14000000	37000000	52.9176
14000000	38000000	52.9881
14000000	39000000	50.3630
14000000	40000000	45.4286
14000000	41000000	49.7614
14000000	42000000	38.0771
14000000	43000000	38.9355
14000000	44000000	44.7376
14000000	45000000	38.0010
14000000	46000000	46.1651
14000000	47000000	25.5940
14000000	48000000	32.4979
14000000	49000000	32.6086
14000000	50000000	41.2946
14000000	51000000	32.1538
14000000	52000000	45.9397
14000000	53000000	40.0080
14000000	54000000	39.4178
14000000	55000000	35.8220
14000000	56000000	29.9289
14000000	57000000	23.0194
14000000	58000000	36.6589
14000000	59000000	27.0805
14000000	60000000	17.8720
15000000	1000000	57.4119
15000000	2000000	98.8104
15000000	3000000	87.1603
15000000	4000000	95.0666
15000000	5000000	74.5356
15000000	6000000	84.9286
15000000	7000000	81.5624
15000000	8000000	79.6958
15000000	9000000	112.0641
15000000	10000000	103.1685
15000000	11000000	24.6168
15000000	12000000	92.1212
15000000	13000000	246.3810
15000000	14000000	590.6009
15000000	15000000	1844.5963
15000000	16000000	601.2911
15000000	17000000	159.6734
15000000	18000000	114.8399
15000000	19000000	94.1995
15000000	20000000	94.0115
15000000	21000000	62.8393
15000000	22000000	82.2531
15000000	23000000	82.6034
15000000	24000000	68.2952
15000000	25000000	90.2053
15000000	26000000	84.8642
15000000	27000000	85.8125
15000000	28000000	62.3204
15000000	29000000	77.6722
15000000	30000000	67.4868
15000000	31000000	58.8160
15000000	32000000	55.7994
15000000	33000000	59.4520
15000000	34000000	53.9064
15000000	35000000	62.6456
15000000	36000000	52.3537
15000000	37000000	62.1651
15000000	38000000	54.9551
15000000	39000000	63.4876
15000000	40000000	51.0829
15000000	41000000	60.7435
15000000	42000000	36.5069
15000000	43000000	39.7530
15000000	44000000	45.8084
15000000	45000000	46.1313
15000000	46000000	39.1282
15000000	47000000	31.4837
15000000	48000000	33.7701
15000000	49000000	31.4549
15000000	50000000	35.1746
15000000	51000000	34.7326
15000000	52000000	40.4086
15000000	53000000	35.0645
15000000	54000000	38.2173
15000000	55000000	30.6719
15000000	56000000	27.8131
15000000	57000000	21.1930
15000000	58000000	29.7345
15000000	59000000	32.6828
15000000	60000000	18.2667
16000000	1000000	78.7116
16000000	2000000	135.4078
16000000	3000000	82.9250
16000000	4000000	124.0193
16000000	5000000	92.8524
16000000	6000000	96.4550
16000000	7000000	87.0137
16000000	8000000	114.3872
16000000	9000000	92.4107
16000000	10000000	126.9477
16000000	11000000	24.6168
16000000	12000000	99.2158
16000000	13000000	126.7741
16000000	14000000	180.9443
16000000	15000000	601.2911
16000000	16000000	2658.2046
16000000	17000000	579.2996
16000000	18000000	230.2142
16000000	19000000	144.3423
16000000	20000000	167.7581
16000000	21000000	87.0923
16000000	22000000	109.2957
16000000	23000000	86.8652
16000000	24000000	77.1425
16000000	25000000	80.7776
16000000	26000000	132.1005
16000000	27000000	117.0454
16000000	28000000	117.9661
16000000	29000000	93.9263
16000000	30000000	82.4410
16000000	31000000	66.4983
16000000	32000000	68.5114
16000000	33000000	82.6597
16000000	34000000	59.7222
16000000	35000000	97.0158
16000000	36000000	96.6676
16000000	37000000	74.2982
16000000	38000000	83.8626
16000000	39000000	77.4784
16000000	40000000	94.0255
16000000	41000000	74.4425
16000000	42000000	52.5066
16000000	43000000	67.0689
16000000	44000000	75.8929
16000000	45000000	53.5281
16000000	46000000	52.0368
16000000	47000000	38.8816
16000000	48000000	40.0268
16000000	49000000	45.6149
16000000	50000000	57.9086
16000000	51000000	49.5410
16000000	52000000	49.5722
16000000	53000000	55.6622
16000000	54000000	43.8002
16000000	55000000	42.5951
16000000	56000000	40.3169
16000000	57000000	37.4048
16000000	58000000	40.5352
16000000	59000000	41.8579
16000000	60000000	27.9288
17000000	1000000	54.6878
17000000	2000000	90.8784
17000000	3000000	83.2919
17000000	4000000	110.5159
17000000	5000000	81.5868
17000000	6000000	81.3819
17000000	7000000	77.1880
17000000	8000000	70.0156
17000000	9000000	59.2725
17000000	10000000	90.1378
17000000	11000000	17.0424
17000000	12000000	46.0483
17000000	13000000	93.3605
17000000	14000000	104.5848
17000000	15000000	159.6734
17000000	16000000	579.2996
17000000	17000000	2652.0807
17000000	18000000	584.4390
17000000	19000000	213.0870
17000000	20000000	143.5963
17000000	21000000	91.3795
17000000	22000000	120.1046
17000000	23000000	108.2520
17000000	24000000	95.7163
17000000	25000000	107.7694
17000000	26000000	94.3725
17000000	27000000	93.3594
17000000	28000000	82.8124
17000000	29000000	97.4134
17000000	30000000	76.3346
17000000	31000000	73.1433
17000000	32000000	73.7358
17000000	33000000	74.3186
17000000	34000000	69.1710
17000000	35000000	73.7144
17000000	36000000	60.0790
17000000	37000000	70.7820
17000000	38000000	56.8130
17000000	39000000	59.9393
17000000	40000000	49.0543
17000000	41000000	55.0557
17000000	42000000	41.2046
17000000	43000000	41.7670
17000000	44000000	67.6063
17000000	45000000	55.6173
17000000	46000000	50.1376
17000000	47000000	40.4237
17000000	48000000	39.2420
17000000	49000000	49.5576
17000000	50000000	41.2641
17000000	51000000	42.7140
17000000	52000000	43.8045
17000000	53000000	31.7038
17000000	54000000	33.7108
17000000	55000000	37.2232
17000000	56000000	29.0183
17000000	57000000	32.6447
17000000	58000000	38.4622
17000000	59000000	41.9096
17000000	60000000	28.2649
18000000	1000000	45.9272
18000000	2000000	97.7836
18000000	3000000	82.8424
18000000	4000000	86.2530
18000000	5000000	80.8407
18000000	6000000	81.7442
18000000	7000000	72.8180
18000000	8000000	75.8770
18000000	9000000	60.8363
18000000	10000000	87.1460
18000000	11000000	17.0424
18000000	12000000	48.9569
18000000	13000000	82.3736
18000000	14000000	84.0322
18000000	15000000	114.8399
18000000	16000000	230.2142
18000000	17000000	584.4390
18000000	18000000	2207.4066
18000000	19000000	791.4513
18000000	20000000	276.9570
18000000	21000000	124.6658
18000000	22000000	132.0008
18000000	23000000	96.8648
18000000	24000000	89.5241
18000000	25000000	96.0768
18000000	26000000	100.6700
18000000	27000000	84.5011
18000000	28000000	80.1382
18000000	29000000	83.5873
18000000	30000000	95.8433
18000000	31000000	64.8550
18000000	32000000	71.3241
18000000	33000000	81.9552
18000000	34000000	61.4944
18000000	35000000	71.4594
18000000	36000000	61.2720
18000000	37000000	58.5794
18000000	38000000	60.3553
18000000	39000000	62.7386
18000000	40000000	62.8781
18000000	41000000	54.3015
18000000	42000000	31.9890
18000000	43000000	35.1530
18000000	44000000	65.1888
18000000	45000000	52.5118
18000000	46000000	48.5222
18000000	47000000	40.9006
18000000	48000000	35.7958
18000000	49000000	38.8433
18000000	50000000	37.0083
18000000	51000000	44.4612
18000000	52000000	44.9070
18000000	53000000	34.1975
18000000	54000000	30.4447
18000000	55000000	33.6312
18000000	56000000	23.8181
18000000	57000000	32.5733
18000000	58000000	29.8115
18000000	59000000	32.9918
18000000	60000000	19.8167
19000000	1000000	43.7536
19000000	2000000	78.8799
19000000	3000000	92.8729
19000000	4000000	89.8141
19000000	5000000	72.3672
19000000	6000000	81.2620
19000000	7000000	83.9890
19000000	8000000	71.9020
19000000	9000000	64.5798
19000000	10000000	65.3643
19000000	11000000	20.8296
19000000	12000000	41.1138
19000000	13000000	76.6625
19000000	14000000	76.8017
19000000	15000000	94.1995
19000000	16000000	144.3423
19000000	17000000	213.0870
19000000	18000000	791.4513
19000000	19000000	2728.8078
19000000	20000000	933.6931
19000000	21000000	228.3928
19000000	22000000	192.1574
19000000	23000000	127.9825
19000000	24000000	111.5922
19000000	25000000	101.8577
19000000	26000000	84.3841
19000000	27000000	79.3331
19000000	28000000	78.8875
19000000	29000000	91.2192
19000000	30000000	88.2364
19000000	31000000	73.1894
19000000	32000000	79.6068
19000000	33000000	88.5097
19000000	34000000	67.0661
19000000	35000000	65.1271
19000000	36000000	62.6074
19000000	37000000	65.3784
19000000	38000000	52.2434
19000000	39000000	67.4291
19000000	40000000	49.3824
19000000	41000000	50.4386
19000000	42000000	31.3579
19000000	43000000	42.6781
19000000	44000000	62.2990
19000000	45000000	54.4555
19000000	46000000	50.6861
19000000	47000000	38.9987
19000000	48000000	42.0887
19000000	49000000	45.3679
19000000	50000000	44.5036
19000000	51000000	41.3625
19000000	52000000	41.3687
19000000	53000000	38.0760
19000000	54000000	31.3839
19000000	55000000	31.2661
19000000	56000000	27.4713
19000000	57000000	35.9358
19000000	58000000	39.2034
19000000	59000000	41.8311
19000000	60000000	23.3723
20000000	1000000	76.3793
20000000	2000000	125.7058
20000000	3000000	77.3967
20000000	4000000	98.9891
20000000	5000000	77.2539
20000000	6000000	97.9324
20000000	7000000	78.3868
20000000	8000000	105.4503
20000000	9000000	99.0647
20000000	10000000	105.6060
20000000	11000000	22.7232
20000000	12000000	64.8011
20000000	13000000	81.9246
20000000	14000000	85.2467
20000000	15000000	94.0115
20000000	16000000	167.7581
20000000	17000000	143.5963
20000000	18000000	276.9570
20000000	19000000	933.6931
20000000	20000000	3562.6169
20000000	21000000	947.1722
20000000	22000000	368.6621
20000000	23000000	136.8272
20000000	24000000	106.1032
20000000	25000000	100.2003
20000000	26000000	146.3022
20000000	27000000	119.8065
20000000	28000000	124.7645
20000000	29000000	98.0268
20000000	30000000	98.4355
20000000	31000000	77.0221
20000000	32000000	84.8129
20000000	33000000	94.3921
20000000	34000000	80.8933
20000000	35000000	113.5980
20000000	36000000	105.9938
20000000	37000000	82.3676
20000000	38000000	97.7715
20000000	39000000	82.4504
20000000	40000000	87.1276
20000000	41000000	68.9435
20000000	42000000	52.6134
20000000	43000000	70.5492
20000000	44000000	70.1701
20000000	45000000	49.7819
20000000	46000000	58.4192
20000000	47000000	42.8049
20000000	48000000	46.2360
20000000	49000000	48.7873
20000000	50000000	65.0748
20000000	51000000	56.9541
20000000	52000000	55.2067
20000000	53000000	50.7453
20000000	54000000	43.9027
20000000	55000000	47.2154
20000000	56000000	36.3461
20000000	57000000	37.0208
20000000	58000000	37.5794
20000000	59000000	47.3703
20000000	60000000	32.1268
21000000	1000000	42.6061
21000000	2000000	71.3876
21000000	3000000	64.5734
21000000	4000000	68.5771
21000000	5000000	61.1815
21000000	6000000	63.2497
21000000	7000000	66.7194
21000000	8000000	53.1799
21000000	9000000	61.6755
21000000	10000000	75.8069
21000000	11000000	15.1488
21000000	12000000	33.5624
21000000	13000000	55.0665
21000000	14000000	56.3436
21000000	15000000	62.8393
21000000	16000000	87.0923
21000000	17000000	91.3795
21000000	18000000	124.6658
21000000	19000000	228.3928
21000000	20000000	947.1722
21000000	21000000	2116.6858
21000000	22000000	904.6888
21000000	23000000	165.0558
21000000	24000000	99.3955
21000000	25000000	96.3004
21000000	26000000	92.9389
21000000	27000000	83.6391
21000000	28000000	76.6301
21000000	29000000	77.8636
21000000	30000000	72.4139
21000000	31000000	55.8276
21000000	32000000	77.4275
21000000	33000000	75.4438
21000000	34000000	50.4215
21000000	35000000	69.5051
21000000	36000000	56.3197
21000000	37000000	58.9959
21000000	38000000	49.1611
21000000	39000000	54.1429
21000000	40000000	49.1927
21000000	41000000	49.2240
21000000	42000000	32.4065
21000000	43000000	39.2396
21000000	44000000	53.6108
21000000	45000000	40.6534
21000000	46000000	38.7990
21000000	47000000	35.9067
21000000	48000000	32.3700
21000000	49000000	42.3526
21000000	50000000	40.7372
21000000	51000000	46.4614
21000000	52000000	37.3082
21000000	53000000	34.4904
21000000	54000000	30.0789
21000000	55000000	29.8106
21000000	56000000	24.4310
21000000	57000000	29.0921
21000000	58000000	30.9630
21000000	59000000	32.8691
21000000	60000000	25.4702
22000000	1000000	48.8565
22000000	2000000	77.6506
22000000	3000000	80.7986
22000000	4000000	99.9790
22000000	5000000	71.2586
22000000	6000000	82.6765
22000000	7000000	78.4545
22000000	8000000	75.7867
22000000	9000000	68.5711
22000000	10000000	76.3451
22000000	11000000	22.7232
22000000	12000000	34.6783
22000000	13000000	79.9953
22000000	14000000	69.8523
22000000	15000000	82.2531
22000000	16000000	109.2957
22000000	17000000	120.1046
22000000	18000000	132.0008
22000000	19000000	192.1574
22000000	20000000	368.6621
22000000	21000000	904.6888
22000000	22000000	2460.7739
22000000	23000000	520.9617
22000000	24000000	218.4732
22000000	25000000	168.3029
22000000	26000000	141.1800
22000000	27000000	121.4334
22000000	28000000	83.8392
22000000	29000000	107.0819
22000000	30000000	105.6456
22000000	31000000	85.4291
22000000	32000000	80.8073
22000000	33000000	100.1585
22000000	34000000	75.8582
22000000	35000000	79.1276
22000000	36000000	67.8411
22000000	37000000	63.6591
22000000	38000000	64.9257
22000000	39000000	62.1599
22000000	40000000	54.2250
22000000	41000000	54.2472
22000000	42000000	39.6570
22000000	43000000	45.6506
22000000	44000000	67.2947
22000000	45000000	51.8681
22000000	46000000	54.1041
22000000	47000000	41.0255
22000000	48000000	43.9304
22000000	49000000	49.7049
22000000	50000000	47.7706
22000000	51000000	45.3946
22000000	52000000	40.7478
22000000	53000000	33.9463
22000000	54000000	31.5459
22000000	55000000	34.4508
22000000	56000000	30.4128
22000000	57000000	36.1863
22000000	58000000	40.6711
22000000	59000000	43.4122
22000000	60000000	28.5751
23000000	1000000	44.5788
23000000	2000000	73.6297
23000000	3000000	86.9831
23000000	4000000	83.2731
23000000	5000000	74.8319
23000000	6000000	71.4782
23000000	7000000	79.4343
23000000	8000000	59.5529
23000000	9000000	67.7730
23000000	10000000	82.4816
23000000	11000000	23.6700
23000000	12000000	34.6031
23000000	13000000	76.9861
23000000	14000000	74.9353
23000000	15000000	82.6034
23000000	16000000	86.8652
23000000	17000000	108.2520
23000000	18000000	96.8648
23000000	19000000	127.9825
23000000	20000000	136.8272
23000000	21000000	165.0558
23000000	22000000	520.9617
23000000	23000000	2496.1829
23000000	24000000	914.7446
23000000	25000000	299.9500
23000000	26000000	160.4118
23000000	27000000	126.2830
23000000	28000000	88.7815
23000000	29000000	99.8605
23000000	30000000	100.4402
23000000	31000000	86.3665
23000000	32000000	87.6389
23000000	33000000	87.9005
23000000	34000000	91.2097
23000000	35000000	74.5687
23000000	36000000	63.5507
23000000	37000000	65.8458
23000000	38000000	63.6164
23000000	39000000	67.4334
23000000	40000000	48.0610
23000000	41000000	54.8843
23000000	42000000	32.0773
23000000	43000000	37.6528
23000000	44000000	65.1792
23000000	45000000	60.0533
23000000	46000000	55.0831
23000000	47000000	44.8171
23000000	48000000	46.1882
23000000	49000000	50.1693
23000000	50000000	44.0270
23000000	51000000	44.7212
23000000	52000000	45.3208
23000000	53000000	37.7627
23000000	54000000	34.1107
23000000	55000000	30.4108
23000000	56000000	24.9950
23000000	57000000	33.1239
23000000	58000000	42.0239
23000000	59000000	39.1172
23000000	60000000	23.8000
24000000	1000000	33.4283
24000000	2000000	67.8821
24000000	3000000	77.8975
24000000	4000000	70.9632
24000000	5000000	70.7737
24000000	6000000	58.8236
24000000	7000000	73.6771
24000000	8000000	46.6319
24000000	9000000	53.5581
24000000	10000000	62.1269
24000000	11000000	16.0956
24000000	12000000	34.4834
24000000	13000000	64.6806
24000000	14000000	61.3239
24000000	15000000	68.2952
24000000	16000000	77.1425
24000000	17000000	95.7163
24000000	18000000	89.5241
24000000	19000000	111.5922
24000000	20000000	106.1032
24000000	21000000	99.3955
24000000	22000000	218.4732
24000000	23000000	914.7446
24000000	24000000	2236.2415
24000000	25000000	575.2935
24000000	26000000	180.6949
24000000	27000000	119.4141
24000000	28000000	82.1472
24000000	29000000	95.3221
24000000	30000000	92.3802
24000000	31000000	75.4263
24000000	32000000	81.3467
24000000	33000000	95.2426
24000000	34000000	82.8102
24000000	35000000	62.1059
24000000	36000000	58.5093
24000000	37000000	66.5254
24000000	38000000	49.6962
24000000	39000000	72.7416
24000000	40000000	42.3542
24000000	41000000	42.4224
24000000	42000000	32.7659
24000000	43000000	35.4663
24000000	44000000	53.7614
24000000	45000000	62.6400
24000000	46000000	46.8155
24000000	47000000	47.7412
24000000	48000000	44.8222
24000000	49000000	51.9821
24000000	50000000	37.8164
24000000	51000000	42.1316
24000000	52000000	37.5011
24000000	53000000	37.6676
24000000	54000000	31.9511
24000000	55000000	31.5358
24000000	56000000	22.2412
24000000	57000000	34.0537
24000000	58000000	39.6682
24000000	59000000	38.4169
24000000	60000000	23.6635
25000000	1000000	31.8003
25000000	2000000	76.6247
25000000	3000000	98.9581
25000000	4000000	88.8924
25000000	5000000	87.1303
25000000	6000000	73.8413
25000000	7000000	82.2121
25000000	8000000	60.8162
25000000	9000000	52.6702
25000000	10000000	69.9083
25000000	11000000	17.0424
25000000	12000000	36.3710
25000000	13000000	77.4759
25000000	14000000	76.3678
25000000	15000000	90.2053
25000000	16000000	80.7776
25000000	17000000	107.7694
25000000	18000000	96.0768
25000000	19000000	101.8577
25000000	20000000	100.2003
25000000	21000000	96.3004
25000000	22000000	168.3029
25000000	23000000	299.9500
25000000	24000000	575.2935
25000000	25000000	2442.4976
25000000	26000000	601.8978
25000000	27000000	189.8517
25000000	28000000	106.7402
25000000	29000000	111.4255
25000000	30000000	108.5585
25000000	31000000	92.0428
25000000	32000000	92.3528
25000000	33000000	98.1039
25000000	34000000	92.2151
25000000	35000000	69.3527
25000000	36000000	57.0901
25000000	37000000	63.8598
25000000	38000000	57.4608
25000000	39000000	69.3604
25000000	40000000	46.4067
25000000	41000000	46.2951
25000000	42000000	32.0638
25000000	43000000	39.8245
25000000	44000000	70.8506
25000000	45000000	69.3636
25000000	46000000	55.2097
25000000	47000000	49.3246
25000000	48000000	37.0140
25000000	49000000	45.4335
25000000	50000000	45.2847
25000000	51000000	45.8613
25000000	52000000	49.5529
25000000	53000000	28.7504
25000000	54000000	31.6069
25000000	55000000	32.2297
25000000	56000000	26.7852
25000000	57000000	37.3520
25000000	58000000	38.2736
25000000	59000000	38.5477
25000000	60000000	22.8092
26000000	1000000	66.9522
26000000	2000000	105.8591
26000000	3000000	69.8899
26000000	4000000	101.1348
26000000	5000000	72.3334
26000000	6000000	94.0135
26000000	7000000	65.4843
26000000	8000000	96.3443
26000000	9000000	71.1915
26000000	10000000	132.1684
26000000	11000000	17.9892
26000000	12000000	73.0173
26000000	13000000	76.8622
26000000	14000000	83.5128
26000000	15000000	84.8642
26000000	16000000	132.1005
26000000	17000000	94.3725
26000000	18000000	100.6700
26000000	19000000	84.3841
26000000	20000000	146.3022
26000000	21000000	92.9389
26000000	22000000	141.1800
26000000	23000000	160.4118
26000000	24000000	180.6949
26000000	25000000	601.8978
26000000	26000000	3080.9821
26000000	27000000	763.3268
26000000	28000000	214.9565
26000000	29000000	145.5296
26000000	30000000	113.2013
26000000	31000000	84.9480
26000000	32000000	90.4199
26000000	33000000	105.9977
26000000	34000000	83.6038
26000000	35000000	128.8292
26000000	36000000	126.0712
26000000	37000000	94.5528
26000000	38000000	93.0496
26000000	39000000	81.3247
26000000	40000000	97.4104
26000000	41000000	74.7985
26000000	42000000	68.1554
26000000	43000000	89.5740
26000000	44000000	102.2524
26000000	45000000	61.5557
26000000	46000000	67.3424
26000000	47000000	46.8667
26000000	48000000	42.7412
26000000	49000000	51.0272
26000000	50000000	71.2874
26000000	51000000	76.0393
26000000	52000000	62.4438
26000000	53000000	62.9333
26000000	54000000	48.4227
26000000	55000000	50.9474
26000000	56000000	44.8973
26000000	57000000	40.7442
