1000000	1000000	1020.9901
1000000	2000000	824.2765
1000000	3000000	310.1612
1000000	4000000	107.5219
1000000	5000000	72.9554
1000000	6000000	51.9942
1000000	7000000	72.0232
1000000	8000000	68.3701
1000000	9000000	57.3347
1000000	10000000	51.4694
1000000	11000000	47.3118
1000000	12000000	55.0051
1000000	13000000	43.0697
1000000	14000000	40.3496
1000000	15000000	36.1696
1000000	16000000	41.2648
1000000	17000000	29.6288
1000000	18000000	33.3583
1000000	19000000	33.9476
1000000	20000000	37.8709
1000000	21000000	34.2707
1000000	22000000	39.6245
1000000	23000000	35.4335
1000000	24000000	29.4337
1000000	25000000	30.7014
1000000	26000000	27.9053
1000000	27000000	28.4092
1000000	28000000	26.5259
1000000	29000000	32.9200
1000000	30000000	25.7833
1000000	31000000	30.2190
1000000	32000000	25.6774
1000000	33000000	26.4657
1000000	34000000	20.9814
1000000	35000000	22.5488
1000000	36000000	23.4281
1000000	37000000	25.1677
1000000	38000000	22.9292
1000000	39000000	17.2217
1000000	40000000	23.0763
1000000	41000000	20.2107
1000000	42000000	18.3846
1000000	43000000	14.9003
1000000	44000000	11.0395
1000000	45000000	19.2818
1000000	46000000	16.0517
1000000	47000000	13.4957
1000000	48000000	13.4401
1000000	49000000	15.1028
1000000	50000000	13.3133
1000000	51000000	15.0253
1000000	52000000	17.5786
1000000	53000000	15.8616
1000000	54000000	11.9284
1000000	55000000	11.3289
1000000	56000000	14.3827
1000000	57000000	13.3058
1000000	58000000	13.9737
1000000	59000000	13.8240
1000000	60000000	12.8412
1000000	61000000	13.7375
1000000	62000000	15.4997
1000000	63000000	13.7890
1000000	64000000	13.8375
1000000	65000000	13.8746
1000000	66000000	10.9930
1000000	67000000	13.2041
1000000	68000000	13.0869
1000000	69000000	18.5300
1000000	70000000	14.8360
1000000	71000000	13.2123
1000000	72000000	11.4141
1000000	73000000	15.1202
1000000	74000000	13.2747
1000000	75000000	13.5751
1000000	76000000	14.6396
1000000	77000000	14.8846
1000000	78000000	15.2858
1000000	79000000	9.8310
2000000	1000000	824.2765
2000000	2000000	3100.7203
2000000	3000000	1087.5001
2000000	4000000	223.3826
2000000	5000000	149.7636
2000000	6000000	130.1241
2000000	7000000	131.6593
2000000	8000000	140.8617
2000000	9000000	124.1607
2000000	10000000	96.5496
2000000	11000000	94.7296
2000000	12000000	108.9503
2000000	13000000	88.1167
2000000	14000000	83.3936
2000000	15000000	81.7563
2000000	16000000	76.9684
2000000	17000000	70.9117
2000000	18000000	68.4836
2000000	19000000	73.0539
2000000	20000000	60.9415
2000000	21000000	68.0287
2000000	22000000	73.2400
2000000	23000000	65.4321
2000000	24000000	68.2880
2000000	25000000	52.5207
2000000	26000000	47.6428
2000000	27000000	56.7567
2000000	28000000	58.7274
2000000	29000000	74.8925
2000000	30000000	61.6462
2000000	31000000	60.5793
2000000	32000000	55.3908
2000000	33000000	61.2069
2000000	34000000	47.4473
2000000	35000000	44.6340
2000000	36000000	47.8435
2000000	37000000	46.3963
2000000	38000000	45.1205
2000000	39000000	41.3916
2000000	40000000	46.1947
2000000	41000000	45.1538
2000000	42000000	39.4152
2000000	43000000	36.6332
2000000	44000000	20.9734
2000000	45000000	56.9883
2000000	46000000	33.9015
2000000	47000000	28.5406
2000000	48000000	31.3356
2000000	49000000	28.0516
2000000	50000000	29.9417
2000000	51000000	33.5257
2000000	52000000	31.2610
2000000	53000000	32.9206
2000000	54000000	28.0660
2000000	55000000	28.9922
2000000	56000000	25.8516
2000000	57000000	35.0562
2000000	58000000	30.8766
2000000	59000000	33.2979
2000000	60000000	30.3287
2000000	61000000	32.2000
2000000	62000000	36.5745
2000000	63000000	27.2915
2000000	64000000	28.0164
2000000	65000000	35.2032
2000000	66000000	31.5011
2000000	67000000	30.9148
2000000	68000000	34.1509
2000000	69000000	29.5441
2000000	70000000	29.9252
2000000	71000000	31.7527
2000000	72000000	23.1113
2000000	73000000	29.6400
2000000	74000000	25.9784
2000000	75000000	25.7882
2000000	76000000	27.8771
2000000	77000000	28.6184
2000000	78000000	36.4900
2000000	79000000	26.9726
3000000	1000000	310.1612
3000000	2000000	1087.5001
3000000	3000000	2931.3371
3000000	4000000	975.9670
3000000	5000000	232.5758
3000000	6000000	145.1257
3000000	7000000	177.3000
3000000	8000000	139.6486
3000000	9000000	146.3920
3000000	10000000	110.2957
3000000	11000000	97.8301
3000000	12000000	105.9406
3000000	13000000	108.1972
3000000	14000000	96.7779
3000000	15000000	115.2178
3000000	16000000	95.4674
3000000	17000000	85.6222
3000000	18000000	95.4370
3000000	19000000	70.1512
3000000	20000000	91.3332
3000000	21000000	71.5979
3000000	22000000	81.9238
3000000	23000000	69.6566
3000000	24000000	70.7506
3000000	25000000	71.9244
3000000	26000000	61.4654
3000000	27000000	69.0960
3000000	28000000	70.7190
3000000	29000000	86.3695
3000000	30000000	63.7603
3000000	31000000	63.8586
3000000	32000000	60.8406
3000000	33000000	53.2910
3000000	34000000	51.8800
3000000	35000000	50.5385
3000000	36000000	54.4893
3000000	37000000	39.9019
3000000	38000000	41.1126
3000000	39000000	45.0682
3000000	40000000	41.0770
3000000	41000000	44.9945
3000000	42000000	37.4369
3000000	43000000	44.4376
3000000	44000000	28.3031
3000000	45000000	62.4076
3000000	46000000	33.5128
3000000	47000000	36.6575
3000000	48000000	35.5071
3000000	49000000	33.6255
3000000	50000000	35.0083
3000000	51000000	39.0122
3000000	52000000	34.0691
3000000	53000000	37.5831
3000000	54000000	28.1741
3000000	55000000	26.6997
3000000	56000000	29.0825
3000000	57000000	28.1136
3000000	58000000	33.3855
3000000	59000000	31.4025
3000000	60000000	29.6104
3000000	61000000	33.8543
3000000	62000000	29.2617
3000000	63000000	25.2321
3000000	64000000	35.8380
3000000	65000000	30.7881
3000000	66000000	30.7208
3000000	67000000	35.1309
3000000	68000000	34.0099
3000000	69000000	39.0616
3000000	70000000	32.0232
3000000	71000000	27.2102
3000000	72000000	22.3148
3000000	73000000	29.7262
3000000	74000000	28.2375
3000000	75000000	27.9085
3000000	76000000	26.8675
3000000	77000000	33.0584
3000000	78000000	30.2295
3000000	79000000	32.0150
4000000	1000000	107.5219
4000000	2000000	223.3826
4000000	3000000	975.9670
4000000	4000000	3739.9709
4000000	5000000	763.2941
4000000	6000000	211.0009
4000000	7000000	228.2790
4000000	8000000	169.5690
4000000	9000000	186.2161
4000000	10000000	114.5790
4000000	11000000	99.3638
4000000	12000000	88.5749
4000000	13000000	131.7387
4000000	14000000	129.6097
4000000	15000000	148.3669
4000000	16000000	125.8997
4000000	17000000	138.2149
4000000	18000000	120.9488
4000000	19000000	64.2071
4000000	20000000	103.9409
4000000	21000000	62.5729
4000000	22000000	64.6068
4000000	23000000	71.8231
4000000	24000000	59.8400
4000000	25000000	98.8465
4000000	26000000	96.1577
4000000	27000000	74.4500
4000000	28000000	73.0888
4000000	29000000	91.4363
4000000	30000000	63.5688
4000000	31000000	64.6022
4000000	32000000	66.9276
4000000	33000000	64.0748
4000000	34000000	79.5310
4000000	35000000	45.9673
4000000	36000000	48.1383
4000000	37000000	51.7047
4000000	38000000	38.0964
4000000	39000000	52.5986
4000000	40000000	50.5067
4000000	41000000	62.7622
4000000	42000000	64.4178
4000000	43000000	59.1941
4000000	44000000	47.7196
4000000	45000000	54.7220
4000000	46000000	42.0992
4000000	47000000	52.9296
4000000	48000000	42.0640
4000000	49000000	33.2611
4000000	50000000	45.6500
4000000	51000000	44.7273
4000000	52000000	42.8549
4000000	53000000	44.5115
4000000	54000000	33.0280
4000000	55000000	27.3812
4000000	56000000	29.5880
4000000	57000000	33.5874
4000000	58000000	40.6307
4000000	59000000	27.6159
4000000	60000000	36.0298
4000000	61000000	30.9946
4000000	62000000	27.1081
4000000	63000000	32.7777
4000000	64000000	36.0904
4000000	65000000	28.5777
4000000	66000000	33.5416
4000000	67000000	35.7351
4000000	68000000	33.7746
4000000	69000000	31.6350
4000000	70000000	31.8381
4000000	71000000	37.3556
4000000	72000000	27.8472
4000000	73000000	25.1318
4000000	74000000	23.3950
4000000	75000000	29.8270
4000000	76000000	24.7919
4000000	77000000	24.6462
4000000	78000000	34.6166
4000000	79000000	23.3883
5000000	1000000	72.9554
5000000	2000000	149.7636
5000000	3000000	232.5758
5000000	4000000	763.2941
5000000	5000000	3330.5428
5000000	6000000	1064.3776
5000000	7000000	477.5760
5000000	8000000	202.6279
5000000	9000000	164.5495
5000000	10000000	103.7615
5000000	11000000	96.8176
5000000	12000000	98.8664
5000000	13000000	108.8727
5000000	14000000	106.1701
5000000	15000000	117.0268
5000000	16000000	91.9729
5000000	17000000	88.6749
5000000	18000000	78.3915
5000000	19000000	73.8549
5000000	20000000	100.4641
5000000	21000000	77.0202
5000000	22000000	72.9749
5000000	23000000	82.5683
5000000	24000000	68.1629
5000000	25000000	78.2241
5000000	26000000	64.2949
5000000	27000000	75.1866
5000000	28000000	74.2466
5000000	29000000	77.8843
5000000	30000000	70.4688
5000000	31000000	71.7539
5000000	32000000	62.9926
5000000	33000000	66.5720
5000000	34000000	61.5699
5000000	35000000	55.6109
5000000	36000000	63.3554
5000000	37000000	52.6980
5000000	38000000	46.6371
5000000	39000000	51.7201
5000000	40000000	47.4331
5000000	41000000	53.8029
5000000	42000000	46.9699
5000000	43000000	44.5689
5000000	44000000	26.3941
5000000	45000000	55.1746
5000000	46000000	43.0449
5000000	47000000	42.7040
5000000	48000000	35.1636
5000000	49000000	30.7868
5000000	50000000	31.8256
5000000	51000000	45.0017
5000000	52000000	35.0208
5000000	53000000	36.6692
5000000	54000000	40.9368
5000000	55000000	28.9846
5000000	56000000	24.5426
5000000	57000000	35.8034
5000000	58000000	32.7132
5000000	59000000	34.4191
5000000	60000000	28.3515
5000000	61000000	34.0778
5000000	62000000	33.9890
5000000	63000000	27.5366
5000000	64000000	36.6065
5000000	65000000	37.3203
5000000	66000000	35.0351
5000000	67000000	33.7678
5000000	68000000	35.2774
5000000	69000000	32.5527
5000000	70000000	32.9991
5000000	71000000	28.8590
5000000	72000000	30.1042
5000000	73000000	29.3079
5000000	74000000	24.6775
5000000	75000000	31.0940
5000000	76000000	31.3913
5000000	77000000	30.0531
5000000	78000000	36.2259
5000000	79000000	29.3517
6000000	1000000	51.9942
6000000	2000000	130.1241
6000000	3000000	145.1257
6000000	4000000	211.0009
6000000	5000000	1064.3776
6000000	6000000	2326.9299
6000000	7000000	731.7499
6000000	8000000	208.8123
6000000	9000000	129.6880
6000000	10000000	108.2010
6000000	11000000	87.3652
6000000	12000000	99.8727
6000000	13000000	71.4774
6000000	14000000	83.7871
6000000	15000000	74.8895
6000000	16000000	69.4874
6000000	17000000	60.2652
6000000	18000000	52.5626
6000000	19000000	64.6631
6000000	20000000	63.6329
6000000	21000000	65.5879
6000000	22000000	59.8862
6000000	23000000	69.2770
6000000	24000000	79.6233
6000000	25000000	54.9580
6000000	26000000	45.1972
6000000	27000000	55.8002
6000000	28000000	55.0051
6000000	29000000	63.7615
6000000	30000000	65.5431
6000000	31000000	58.4542
6000000	32000000	52.4001
6000000	33000000	51.6391
6000000	34000000	49.2561
6000000	35000000	43.4042
6000000	36000000	54.6669
6000000	37000000	47.6385
6000000	38000000	36.7012
6000000	39000000	47.1928
6000000	40000000	46.6353
6000000	41000000	44.9599
6000000	42000000	33.1840
6000000	43000000	25.3998
6000000	44000000	21.3217
6000000	45000000	54.5557
6000000	46000000	31.1575
6000000	47000000	23.2345
6000000	48000000	29.2987
6000000	49000000	21.8175
6000000	50000000	26.7227
6000000	51000000	27.6403
6000000	52000000	32.9162
6000000	53000000	36.5776
6000000	54000000	21.5394
6000000	55000000	23.9678
6000000	56000000	22.6508
6000000	57000000	27.9735
6000000	58000000	32.2033
6000000	59000000	28.3914
6000000	60000000	28.6170
6000000	61000000	22.0807
6000000	62000000	23.4523
6000000	63000000	24.4549
6000000	64000000	28.4268
6000000	65000000	24.7209
6000000	66000000	23.3973
6000000	67000000	29.7697
6000000	68000000	25.8515
6000000	69000000	27.0202
6000000	70000000	25.4759
6000000	71000000	23.9316
6000000	72000000	21.7465
6000000	73000000	29.4932
6000000	74000000	20.0499
6000000	75000000	22.9701
6000000	76000000	21.0008
6000000	77000000	22.1388
6000000	78000000	24.0843
6000000	79000000	21.4333
7000000	1000000	72.0232
7000000	2000000	131.6593
7000000	3000000	177.3000
7000000	4000000	228.2790
7000000	5000000	477.5760
7000000	6000000	731.7499
7000000	7000000	3613.5038
7000000	8000000	769.3457
7000000	9000000	282.1116
7000000	10000000	161.6652
7000000	11000000	133.9375
7000000	12000000	138.0531
7000000	13000000	123.0653
7000000	14000000	104.2248
7000000	15000000	107.5664
7000000	16000000	106.7165
7000000	17000000	90.7280
7000000	18000000	102.7273
7000000	19000000	80.6713
7000000	20000000	113.9929
7000000	21000000	90.9589
7000000	22000000	103.0396
7000000	23000000	100.1347
7000000	24000000	81.1669
7000000	25000000	88.2538
7000000	26000000	67.5456
7000000	27000000	76.5845
7000000	28000000	85.0564
7000000	29000000	83.5484
7000000	30000000	79.7645
7000000	31000000	81.4159
7000000	32000000	78.0604
7000000	33000000	73.6876
7000000	34000000	59.4622
7000000	35000000	58.2710
7000000	36000000	62.5551
7000000	37000000	57.1696
7000000	38000000	46.6528
7000000	39000000	62.3270
7000000	40000000	51.4020
7000000	41000000	59.9657
7000000	42000000	45.9853
7000000	43000000	43.3334
7000000	44000000	33.3006
7000000	45000000	66.9473
7000000	46000000	43.3723
7000000	47000000	39.5045
7000000	48000000	32.8708
7000000	49000000	29.4654
7000000	50000000	30.6530
7000000	51000000	40.0299
7000000	52000000	39.0316
7000000	53000000	38.3466
7000000	54000000	32.2055
7000000	55000000	29.7134
7000000	56000000	25.6195
7000000	57000000	30.2744
7000000	58000000	40.4589
7000000	59000000	26.6755
7000000	60000000	28.6746
7000000	61000000	31.8538
7000000	62000000	31.1982
7000000	63000000	27.7901
7000000	64000000	32.5975
7000000	65000000	30.6176
7000000	66000000	31.8176
7000000	67000000	34.8347
7000000	68000000	37.1224
7000000	69000000	26.9875
7000000	70000000	33.7394
7000000	71000000	31.2879
7000000	72000000	27.6953
7000000	73000000	29.9301
7000000	74000000	25.2522
7000000	75000000	30.6054
7000000	76000000	21.9279
7000000	77000000	34.0545
7000000	78000000	33.0821
7000000	79000000	26.8179
8000000	1000000	68.3701
8000000	2000000	140.8617
8000000	3000000	139.6486
8000000	4000000	169.5690
8000000	5000000	202.6279
8000000	6000000	208.8123
8000000	7000000	769.3457
8000000	8000000	3450.7792
8000000	9000000	799.5256
8000000	10000000	215.6283
8000000	11000000	148.9158
8000000	12000000	153.9376
8000000	13000000	120.5051
8000000	14000000	111.3075
8000000	15000000	114.1767
8000000	16000000	101.6133
8000000	17000000	88.7378
8000000	18000000	90.2784
8000000	19000000	92.4441
8000000	20000000	112.9941
8000000	21000000	93.4328
8000000	22000000	94.7497
8000000	23000000	95.2100
8000000	24000000	81.3410
8000000	25000000	87.8745
8000000	26000000	73.2919
8000000	27000000	70.5388
8000000	28000000	69.4333
8000000	29000000	81.3920
8000000	30000000	73.0872
8000000	31000000	82.5918
8000000	32000000	71.1640
8000000	33000000	71.6573
8000000	34000000	65.3902
8000000	35000000	53.1110
8000000	36000000	62.0783
8000000	37000000	61.8371
8000000	38000000	54.1433
8000000	39000000	54.2650
8000000	40000000	57.6831
8000000	41000000	63.7129
8000000	42000000	49.5064
8000000	43000000	46.7155
8000000	44000000	29.9340
8000000	45000000	56.4661
8000000	46000000	45.3082
8000000	47000000	40.5748
8000000	48000000	37.2533
8000000	49000000	37.9204
8000000	50000000	36.4898
8000000	51000000	42.4557
8000000	52000000	40.6944
8000000	53000000	46.5779
8000000	54000000	33.3639
8000000	55000000	31.3220
8000000	56000000	31.0305
8000000	57000000	33.3923
8000000	58000000	35.1362
8000000	59000000	36.9709
8000000	60000000	29.9370
8000000	61000000	31.6980
8000000	62000000	34.2490
8000000	63000000	33.0184
8000000	64000000	35.2461
8000000	65000000	33.1149
8000000	66000000	31.8730
8000000	67000000	32.7575
8000000	68000000	39.0500
8000000	69000000	31.8867
8000000	70000000	38.2509
8000000	71000000	26.6196
8000000	72000000	31.3560
8000000	73000000	33.8117
8000000	74000000	24.0840
8000000	75000000	28.4754
8000000	76000000	30.1914
8000000	77000000	36.6378
8000000	78000000	29.9600
8000000	79000000	22.7158
9000000	1000000	57.3347
9000000	2000000	124.1607
9000000	3000000	146.3920
9000000	4000000	186.2161
9000000	5000000	164.5495
9000000	6000000	129.6880
9000000	7000000	282.1116
9000000	8000000	799.5256
9000000	9000000	3362.5092
9000000	10000000	717.4531
9000000	11000000	231.2472
9000000	12000000	195.2386
9000000	13000000	197.8293
9000000	14000000	141.4272
9000000	15000000	134.9551
9000000	16000000	126.3429
9000000	17000000	110.8964
9000000	18000000	104.7120
9000000	19000000	92.6881
9000000	20000000	135.6168
9000000	21000000	81.5354
9000000	22000000	96.7177
9000000	23000000	92.2253
9000000	24000000	80.3366
9000000	25000000	97.0769
9000000	26000000	85.4925
9000000	27000000	92.5783
9000000	28000000	84.4586
9000000	29000000	87.8972
9000000	30000000	75.9014
9000000	31000000	75.5661
9000000	32000000	83.2142
9000000	33000000	81.3027
9000000	34000000	78.9536
9000000	35000000	52.4834
9000000	36000000	72.1650
9000000	37000000	60.3609
9000000	38000000	48.7766
9000000	39000000	56.7944
9000000	40000000	63.9316
9000000	41000000	66.6973
9000000	42000000	62.3893
9000000	43000000	55.5568
9000000	44000000	34.0086
9000000	45000000	72.5855
9000000	46000000	53.6089
9000000	47000000	41.6060
9000000	48000000	40.6545
9000000	49000000	40.2755
9000000	50000000	40.1345
9000000	51000000	43.2705
9000000	52000000	42.7185
9000000	53000000	41.9621
9000000	54000000	35.7274
9000000	55000000	36.9865
9000000	56000000	29.2148
9000000	57000000	32.9040
9000000	58000000	40.4205
9000000	59000000	35.8250
9000000	60000000	38.6489
9000000	61000000	34.2965
9000000	62000000	34.9847
9000000	63000000	28.1917
9000000	64000000	34.9011
9000000	65000000	34.9263
9000000	66000000	32.7369
9000000	67000000	36.6207
9000000	68000000	40.4993
9000000	69000000	38.0158
9000000	70000000	34.7775
9000000	71000000	30.6282
9000000	72000000	34.6373
9000000	73000000	35.0185
9000000	74000000	26.5761
9000000	75000000	25.1240
9000000	76000000	24.6001
9000000	77000000	32.8290
9000000	78000000	37.5502
9000000	79000000	26.2512
10000000	1000000	51.4694
10000000	2000000	96.5496
10000000	3000000	110.2957
10000000	4000000	114.5790
10000000	5000000	103.7615
10000000	6000000	108.2010
10000000	7000000	161.6652
10000000	8000000	215.6283
10000000	9000000	717.4531
10000000	10000000	2766.3175
10000000	11000000	1045.5338
10000000	12000000	425.6395
10000000	13000000	215.1123
10000000	14000000	137.0038
10000000	15000000	124.4360
10000000	16000000	100.3805
10000000	17000000	88.1926
10000000	18000000	85.2823
10000000	19000000	71.5862
10000000	20000000	94.1623
10000000	21000000	74.5965
10000000	22000000	87.5072
10000000	23000000	82.3265
10000000	24000000	71.2302
10000000	25000000	86.3654
10000000	26000000	63.9008
10000000	27000000	73.2129
10000000	28000000	69.1623
10000000	29000000	82.4754
10000000	30000000	72.3997
10000000	31000000	70.7470
10000000	32000000	70.8695
10000000	33000000	67.2613
10000000	34000000	63.9738
10000000	35000000	52.2000
10000000	36000000	57.4366
10000000	37000000	60.1399
10000000	38000000	47.9033
10000000	39000000	57.5722
10000000	40000000	58.8801
10000000	41000000	66.5901
10000000	42000000	46.4391
10000000	43000000	43.6908
10000000	44000000	32.8880
10000000	45000000	62.6098
10000000	46000000	44.3302
10000000	47000000	42.0127
10000000	48000000	32.8895
10000000	49000000	36.0006
10000000	50000000	31.0718
10000000	51000000	38.5535
10000000	52000000	36.8385
10000000	53000000	37.5208
10000000	54000000	33.9907
10000000	55000000	28.1463
10000000	56000000	27.9591
10000000	57000000	29.3221
10000000	58000000	37.0792
10000000	59000000	29.8989
10000000	60000000	26.8768
10000000	61000000	30.6072
10000000	62000000	29.8998
10000000	63000000	23.7684
10000000	64000000	28.8879
10000000	65000000	32.5811
10000000	66000000	32.3616
10000000	67000000	37.0456
10000000	68000000	32.3890
10000000	69000000	28.3337
10000000	70000000	30.1068
10000000	71000000	29.6319
10000000	72000000	28.1625
10000000	73000000	29.2796
10000000	74000000	26.1477
10000000	75000000	28.7482
10000000	76000000	28.4273
10000000	77000000	27.6086
10000000	78000000	35.2619
10000000	79000000	24.1172
11000000	1000000	47.3118
11000000	2000000	94.7296
11000000	3000000	97.8301
11000000	4000000	99.3638
11000000	5000000	96.8176
11000000	6000000	87.3652
11000000	7000000	133.9375
11000000	8000000	148.9158
11000000	9000000	231.2472
11000000	10000000	1045.5338
11000000	11000000	2535.9415
11000000	12000000	1023.4586
11000000	13000000	256.7851
11000000	14000000	150.5057
11000000	15000000	120.0448
11000000	16000000	88.0780
11000000	17000000	72.3983
11000000	18000000	72.5398
11000000	19000000	77.0138
11000000	20000000	84.3675
11000000	21000000	81.1349
11000000	22000000	95.4080
11000000	23000000	72.4811
11000000	24000000	76.2820
11000000	25000000	67.5264
11000000	26000000	55.9690
11000000	27000000	64.2758
11000000	28000000	64.3141
11000000	29000000	77.6521
11000000	30000000	68.0871
11000000	31000000	67.0791
11000000	32000000	63.6588
11000000	33000000	59.5036
11000000	34000000	52.0527
11000000	35000000	51.8766
11000000	36000000	59.4310
11000000	37000000	56.4750
11000000	38000000	44.6318
11000000	39000000	50.1763
11000000	40000000	54.5150
11000000	41000000	57.5000
11000000	42000000	45.9108
11000000	43000000	35.6954
11000000	44000000	27.3946
11000000	45000000	72.4770
11000000	46000000	32.2173
11000000	47000000	37.4279
11000000	48000000	28.7366
11000000	49000000	29.3387
11000000	50000000	32.0721
11000000	51000000	34.6931
11000000	52000000	36.9688
11000000	53000000	35.3523
11000000	54000000	32.0232
11000000	55000000	32.1425
11000000	56000000	23.0375
11000000	57000000	31.8012
11000000	58000000	34.8864
11000000	59000000	28.2918
11000000	60000000	32.6353
11000000	61000000	27.8764
11000000	62000000	29.9371
11000000	63000000	24.5325
11000000	64000000	35.2377
11000000	65000000	26.0949
11000000	66000000	31.2854
11000000	67000000	28.9697
11000000	68000000	33.6225
11000000	69000000	30.2283
11000000	70000000	27.3375
11000000	71000000	28.5773
11000000	72000000	26.1589
11000000	73000000	29.1838
11000000	74000000	21.5635
11000000	75000000	28.2862
11000000	76000000	25.5425
11000000	77000000	31.9508
11000000	78000000	31.1479
11000000	79000000	25.5118
12000000	1000000	55.0051
12000000	2000000	108.9503
12000000	3000000	105.9406
12000000	4000000	88.5749
12000000	5000000	98.8664
12000000	6000000	99.8727
12000000	7000000	138.0531
12000000	8000000	153.9376
12000000	9000000	195.2386
12000000	10000000	425.6395
12000000	11000000	1023.4586
12000000	12000000	2785.5852
12000000	13000000	662.4678
12000000	14000000	230.8718
12000000	15000000	138.0815
12000000	16000000	104.1844
12000000	17000000	74.8290
12000000	18000000	76.3006
12000000	19000000	87.4501
12000000	20000000	95.7734
12000000	21000000	103.4836
12000000	22000000	103.1759
12000000	23000000	96.8555
12000000	24000000	99.8302
12000000	25000000	74.8302
12000000	26000000	64.7896
12000000	27000000	79.3493
12000000	28000000	69.8384
12000000	29000000	76.7120
12000000	30000000	85.0707
12000000	31000000	73.2903
12000000	32000000	66.5527
12000000	33000000	74.0353
12000000	34000000	61.8164
12000000	35000000	67.7378
12000000	36000000	69.2037
12000000	37000000	57.3979
12000000	38000000	59.7374
12000000	39000000	60.2071
12000000	40000000	60.4863
12000000	41000000	61.4526
12000000	42000000	47.8555
12000000	43000000	42.6155
12000000	44000000	23.4651
12000000	45000000	67.5839
12000000	46000000	51.3366
12000000	47000000	37.9054
12000000	48000000	28.7404
12000000	49000000	28.6163
12000000	50000000	34.0271
12000000	51000000	32.5188
12000000	52000000	41.3894
12000000	53000000	40.1353
12000000	54000000	36.1004
12000000	55000000	27.6179
12000000	56000000	29.3867
12000000	57000000	36.8661
12000000	58000000	34.0793
12000000	59000000	28.3642
12000000	60000000	31.1109
12000000	61000000	31.9072
12000000	62000000	29.7756
12000000	63000000	30.8354
12000000	64000000	32.9325
12000000	65000000	29.1174
12000000	66000000	34.5216
12000000	67000000	35.2529
12000000	68000000	33.5106
12000000	69000000	33.4644
12000000	70000000	28.7665
12000000	71000000	28.0772
12000000	72000000	31.4956
12000000	73000000	35.2296
12000000	74000000	21.1335
12000000	75000000	30.7872
12000000	76000000	26.1422
12000000	77000000	29.4932
12000000	78000000	31.0037
12000000	79000000	24.0498
13000000	1000000	43.0697
13000000	2000000	88.1167
13000000	3000000	108.1972
13000000	4000000	131.7387
13000000	5000000	108.8727
13000000	6000000	71.4774
13000000	7000000	123.0653
13000000	8000000	120.5051
13000000	9000000	197.8293
13000000	10000000	215.1123
13000000	11000000	256.7851
13000000	12000000	662.4678
13000000	13000000	2654.7982
13000000	14000000	767.9218
13000000	15000000	281.2344
13000000	16000000	156.9880
13000000	17000000	134.4030
13000000	18000000	127.5053
13000000	19000000	97.1285
13000000	20000000	125.0440
13000000	21000000	74.5867
13000000	22000000	76.4314
13000000	23000000	94.1906
13000000	24000000	76.1520
13000000	25000000	94.6060
13000000	26000000	90.5870
13000000	27000000	92.7438
13000000	28000000	83.6727
13000000	29000000	84.8942
13000000	30000000	73.5308
13000000	31000000	82.7472
13000000	32000000	76.3831
13000000	33000000	87.3798
13000000	34000000	78.1393
13000000	35000000	53.6854
13000000	36000000	61.8700
13000000	37000000	52.1644
13000000	38000000	43.4024
13000000	39000000	59.4398
13000000	40000000	58.0905
13000000	41000000	69.4730
13000000	42000000	67.4826
13000000	43000000	64.8261
13000000	44000000	39.7602
13000000	45000000	63.9989
13000000	46000000	43.4488
13000000	47000000	39.8511
13000000	48000000	41.9711
13000000	49000000	35.2646
13000000	50000000	36.0779
13000000	51000000	44.2505
13000000	52000000	35.2901
13000000	53000000	40.9770
13000000	54000000	30.5709
13000000	55000000	28.5165
13000000	56000000	31.1439
13000000	57000000	30.9502
13000000	58000000	31.2017
13000000	59000000	28.5968
13000000	60000000	30.2864
13000000	61000000	31.5590
13000000	62000000	31.6862
13000000	63000000	30.2577
13000000	64000000	32.6519
13000000	65000000	28.1849
13000000	66000000	32.2276
13000000	67000000	30.5197
13000000	68000000	31.1842
13000000	69000000	30.3723
13000000	70000000	31.1029
13000000	71000000	28.6040
13000000	72000000	32.2050
13000000	73000000	26.0177
13000000	74000000	24.8392
13000000	75000000	26.4275
13000000	76000000	26.8554
13000000	77000000	26.7389
13000000	78000000	29.6023
13000000	79000000	25.4723
14000000	1000000	40.3496
14000000	2000000	83.3936
14000000	3000000	96.7779
14000000	4000000	129.6097
14000000	5000000	106.1701
14000000	6000000	83.7871
14000000	7000000	104.2248
14000000	8000000	111.3075
14000000	9000000	141.4272
14000000	10000000	137.0038
14000000	11000000	150.5057
14000000	12000000	230.8718
14000000	13000000	767.9218
14000000	14000000	2860.2396
14000000	15000000	933.5931
14000000	16000000	220.3049
14000000	17000000	133.3272
14000000	18000000	139.5357
14000000	19000000	117.3850
14000000	20000000	119.5442
14000000	21000000	85.4118
14000000	22000000	83.9831
14000000	23000000	85.5583
14000000	24000000	87.8246
14000000	25000000	93.9855
14000000	26000000	87.8002
14000000	27000000	103.9708
14000000	28000000	98.4914
14000000	29000000	96.7459
14000000	30000000	76.9027
14000000	31000000	76.4608
14000000	32000000	85.1417
14000000	33000000	90.0004
14000000	34000000	75.4131
14000000	35000000	55.1739
14000000	36000000	78.6518
14000000	37000000	65.2229
14000000	38000000	56.0960
14000000	39000000	58.3526
14000000	40000000	61.1442
14000000	41000000	72.0199
14000000	42000000	59.7880
14000000	43000000	52.5370
14000000	44000000	32.7735
14000000	45000000	77.0685
14000000	46000000	50.5316
14000000	47000000	52.5547
14000000	48000000	48.8250
14000000	49000000	43.0978
14000000	50000000	38.7788
14000000	51000000	42.2028
14000000	52000000	50.6219
14000000	53000000	43.9795
14000000	54000000	36.6497
14000000	55000000	41.6351
14000000	56000000	37.0859
14000000	57000000	33.8127
14000000	58000000	36.2878
14000000	59000000	33.0098
14000000	60000000	35.7665
14000000	61000000	34.6874
14000000	62000000	36.5879
14000000	63000000	29.8916
14000000	64000000	34.5439
14000000	65000000	34.6150
14000000	66000000	37.2786
14000000	67000000	34.2526
14000000	68000000	36.9789
14000000	69000000	33.8638
14000000	70000000	36.6047
14000000	71000000	34.1551
14000000	72000000	37.1789
14000000	73000000	31.6368
14000000	74000000	25.4611
14000000	75000000	29.1304
14000000	76000000	31.5589
14000000	77000000	30.1392
14000000	78000000	35.9221
14000000	79000000	28.2382
15000000	1000000	36.1696
15000000	2000000	81.7563
15000000	3000000	115.2178
15000000	4000000	148.3669
15000000	5000000	117.0268
15000000	6000000	74.8895
15000000	7000000	107.5664
15000000	8000000	114.1767
15000000	9000000	134.9551
15000000	10000000	124.4360
15000000	11000000	120.0448
15000000	12000000	138.0815
15000000	13000000	281.2344
15000000	14000000	933.5931
15000000	15000000	3516.8159
15000000	16000000	753.9443
15000000	17000000	233.5444
15000000	18000000	176.2173
15000000	19000000	109.4487
15000000	20000000	154.2739
15000000	21000000	80.2784
15000000	22000000	78.0993
15000000	23000000	77.9027
15000000	24000000	76.5789
15000000	25000000	110.7200
15000000	26000000	102.3914
15000000	27000000	104.5934
15000000	28000000	85.4530
15000000	29000000	100.7759
15000000	30000000	79.2664
15000000	31000000	87.0580
15000000	32000000	81.6985
15000000	33000000	91.0692
15000000	34000000	85.2476
15000000	35000000	59.2776
15000000	36000000	70.0661
15000000	37000000	63.5278
15000000	38000000	49.5973
15000000	39000000	65.1114
15000000	40000000	64.1626
15000000	41000000	83.4363
15000000	42000000	74.9391
15000000	43000000	75.3875
15000000	44000000	58.6680
15000000	45000000	83.2531
15000000	46000000	56.5714
15000000	47000000	69.3875
15000000	48000000	51.0419
15000000	49000000	34.7688
15000000	50000000	45.9903
15000000	51000000	53.5326
15000000	52000000	46.8734
15000000	53000000	58.2920
15000000	54000000	45.5351
15000000	55000000	40.3957
15000000	56000000	30.4742
15000000	57000000	43.8965
15000000	58000000	43.4438
15000000	59000000	32.8527
15000000	60000000	36.3746
15000000	61000000	35.3881
15000000	62000000	34.2237
15000000	63000000	36.8594
15000000	64000000	37.2341
15000000	65000000	38.3811
15000000	66000000	34.4030
15000000	67000000	41.1412
15000000	68000000	38.5918
15000000	69000000	33.2972
15000000	70000000	31.8271
15000000	71000000	35.8309
15000000	72000000	32.6035
15000000	73000000	33.5769
15000000	74000000	26.9714
15000000	75000000	28.3493
15000000	76000000	28.6556
15000000	77000000	32.0533
15000000	78000000	38.2538
15000000	79000000	29.9426
16000000	1000000	41.2648
16000000	2000000	76.9684
16000000	3000000	95.4674
16000000	4000000	125.8997
16000000	5000000	91.9729
16000000	6000000	69.4874
16000000	7000000	106.7165
16000000	8000000	101.6133
16000000	9000000	126.3429
16000000	10000000	100.3805
16000000	11000000	88.0780
16000000	12000000	104.1844
16000000	13000000	156.9880
16000000	14000000	220.3049
16000000	15000000	753.9443
16000000	16000000	3085.9594
16000000	17000000	991.6085
16000000	18000000	255.1231
16000000	19000000	134.0203
16000000	20000000	144.5986
16000000	21000000	73.6745
16000000	22000000	88.3161
16000000	23000000	86.7259
16000000	24000000	63.8461
16000000	25000000	96.9364
16000000	26000000	102.8987
16000000	27000000	103.4960
16000000	28000000	88.2097
16000000	29000000	92.4913
16000000	30000000	73.0084
16000000	31000000	81.5323
16000000	32000000	85.0112
16000000	33000000	89.1162
16000000	34000000	90.9816
16000000	35000000	54.9171
16000000	36000000	69.4498
16000000	37000000	61.4671
16000000	38000000	51.7403
16000000	39000000	62.5167
16000000	40000000	65.6146
16000000	41000000	74.7035
16000000	42000000	73.3155
16000000	43000000	75.3406
16000000	44000000	60.5187
16000000	45000000	84.7612
16000000	46000000	59.6625
16000000	47000000	63.5488
16000000	48000000	48.0412
16000000	49000000	38.7423
16000000	50000000	51.4559
16000000	51000000	58.3852
16000000	52000000	45.9113
16000000	53000000	56.2029
16000000	54000000	39.7871
16000000	55000000	31.2949
16000000	56000000	32.1252
16000000	57000000	34.2268
16000000	58000000	44.8108
16000000	59000000	39.1612
16000000	60000000	35.0521
16000000	61000000	32.1053
16000000	62000000	34.0967
16000000	63000000	30.7705
16000000	64000000	32.2952
16000000	65000000	36.6368
16000000	66000000	32.8601
16000000	67000000	38.4266
16000000	68000000	36.3503
16000000	69000000	33.3504
16000000	70000000	36.2097
16000000	71000000	30.6377
16000000	72000000	36.8414
16000000	73000000	30.5709
16000000	74000000	29.7916
16000000	75000000	27.5486
16000000	76000000	35.3956
16000000	77000000	31.2898
16000000	78000000	29.6303
16000000	79000000	31.2287
17000000	1000000	29.6288
17000000	2000000	70.9117
17000000	3000000	85.6222
17000000	4000000	138.2149
17000000	5000000	88.6749
17000000	6000000	60.2652
17000000	7000000	90.7280
17000000	8000000	88.7378
17000000	9000000	110.8964
17000000	10000000	88.1926
17000000	11000000	72.3983
17000000	12000000	74.8290
17000000	13000000	134.4030
17000000	14000000	133.3272
17000000	15000000	233.5444
17000000	16000000	991.6085
17000000	17000000	3942.0530
17000000	18000000	637.7050
17000000	19000000	138.3101
17000000	20000000	172.1493
17000000	21000000	69.6359
17000000	22000000	73.9480
17000000	23000000	76.4831
17000000	24000000	66.7179
17000000	25000000	107.2475
17000000	26000000	100.0774
17000000	27000000	101.3053
17000000	28000000	85.4312
17000000	29000000	94.2631
17000000	30000000	74.9306
17000000	31000000	74.3218
17000000	32000000	89.8685
17000000	33000000	91.4090
17000000	34000000	98.4310
17000000	35000000	49.9471
17000000	36000000	62.8944
17000000	37000000	56.8367
17000000	38000000	47.7178
17000000	39000000	62.1996
17000000	40000000	55.0001
17000000	41000000	80.1360
17000000	42000000	81.0204
17000000	43000000	92.7213
17000000	44000000	73.2386
17000000	45000000	82.8524
17000000	46000000	54.9215
17000000	47000000	75.9094
17000000	48000000	67.7056
17000000	49000000	38.4539
17000000	50000000	51.6333
17000000	51000000	67.8670
17000000	52000000	52.1532
17000000	53000000	54.2451
17000000	54000000	44.2697
17000000	55000000	36.0441
17000000	56000000	30.4943
17000000	57000000	35.7945
17000000	58000000	41.6329
17000000	59000000	35.5594
17000000	60000000	38.0083
17000000	61000000	37.6938
17000000	62000000	37.2980
17000000	63000000	33.8906
17000000	64000000	39.6536
17000000	65000000	39.7271
17000000	66000000	41.6808
17000000	67000000	36.8697
17000000	68000000	36.6104
17000000	69000000	33.4980
17000000	70000000	32.5115
17000000	71000000	33.2364
17000000	72000000	37.6798
17000000	73000000	36.6559
17000000	74000000	29.2616
17000000	75000000	27.2611
17000000	76000000	32.5437
17000000	77000000	31.7383
17000000	78000000	39.2110
17000000	79000000	28.4630
18000000	1000000	33.3583
18000000	2000000	68.4836
18000000	3000000	95.4370
18000000	4000000	120.9488
18000000	5000000	78.3915
18000000	6000000	52.5626
18000000	7000000	102.7273
18000000	8000000	90.2784
18000000	9000000	104.7120
18000000	10000000	85.2823
18000000	11000000	72.5398
18000000	12000000	76.3006
18000000	13000000	127.5053
18000000	14000000	139.5357
18000000	15000000	176.2173
18000000	16000000	255.1231
18000000	17000000	637.7050
18000000	18000000	2326.0886
18000000	19000000	578.7900
18000000	20000000	321.2858
18000000	21000000	94.0354
18000000	22000000	91.6458
18000000	23000000	91.0042
18000000	24000000	81.8239
18000000	25000000	120.5179
18000000	26000000	121.0343
18000000	27000000	117.9930
18000000	28000000	97.0690
18000000	29000000	110.4032
18000000	30000000	76.8129
18000000	31000000	88.5681
18000000	32000000	80.8931
18000000	33000000	90.5217
18000000	34000000	101.6957
18000000	35000000	53.2291
18000000	36000000	64.8738
18000000	37000000	55.2121
18000000	38000000	48.6822
18000000	39000000	68.1038
18000000	40000000	59.0888
18000000	41000000	73.4372
18000000	42000000	80.6743
18000000	43000000	70.3556
18000000	44000000	49.4251
18000000	45000000	81.1762
18000000	46000000	51.5690
18000000	47000000	65.0998
18000000	48000000	49.2070
18000000	49000000	45.1487
18000000	50000000	52.3831
18000000	51000000	50.2343
18000000	52000000	52.3813
18000000	53000000	46.6359
18000000	54000000	38.9903
18000000	55000000	33.0555
18000000	56000000	32.7348
18000000	57000000	34.4062
18000000	58000000	40.6724
18000000	59000000	29.9571
18000000	60000000	41.8723
18000000	61000000	28.8918
18000000	62000000	32.5657
18000000	63000000	34.9665
18000000	64000000	41.8264
18000000	65000000	33.4199
18000000	66000000	37.5441
18000000	67000000	30.3491
18000000	68000000	33.6140
18000000	69000000	34.4879
18000000	70000000	33.4140
18000000	71000000	28.0294
18000000	72000000	30.9097
18000000	73000000	26.8708
18000000	74000000	24.6904
18000000	75000000	26.4662
18000000	76000000	29.0218
18000000	77000000	23.1602
18000000	78000000	36.2816
18000000	79000000	24.3828
19000000	1000000	33.9476
19000000	2000000	73.0539
19000000	3000000	70.1512
19000000	4000000	64.2071
19000000	5000000	73.8549
19000000	6000000	64.6631
19000000	7000000	80.6713
19000000	8000000	92.4441
19000000	9000000	92.6881
19000000	10000000	71.5862
19000000	11000000	77.0138
19000000	12000000	87.4501
19000000	13000000	97.1285
19000000	14000000	117.3850
19000000	15000000	109.4487
19000000	16000000	134.0203
19000000	17000000	138.3101
19000000	18000000	578.7900
19000000	19000000	1898.9354
19000000	20000000	656.9760
19000000	21000000	193.1470
19000000	22000000	139.7589
19000000	23000000	118.6376
19000000	24000000	116.2066
19000000	25000000	98.2027
19000000	26000000	87.4597
19000000	27000000	107.9704
19000000	28000000	93.8306
19000000	29000000	102.1237
19000000	30000000	81.1605
19000000	31000000	84.5974
19000000	32000000	72.9418
19000000	33000000	89.1512
19000000	34000000	81.7515
19000000	35000000	66.4953
19000000	36000000	71.7987
19000000	37000000	67.4495
19000000	38000000	63.9173
19000000	39000000	69.7975
19000000	40000000	65.2501
19000000	41000000	70.7858
19000000	42000000	50.5748
19000000	43000000	47.3348
19000000	44000000	23.4761
19000000	45000000	86.1369
19000000	46000000	61.7876
19000000	47000000	35.7046
19000000	48000000	33.7782
19000000	49000000	43.0609
19000000	50000000	38.9836
19000000	51000000	35.2752
19000000	52000000	41.6255
19000000	53000000	44.1383
19000000	54000000	36.5152
19000000	55000000	32.8376
19000000	56000000	37.1124
19000000	57000000	31.0249
19000000	58000000	33.7401
19000000	59000000	32.3557
19000000	60000000	30.3484
19000000	61000000	25.0201
19000000	62000000	29.6564
19000000	63000000	26.7771
19000000	64000000	30.9090
19000000	65000000	34.1393
19000000	66000000	26.6661
19000000	67000000	31.7833
19000000	68000000	29.5157
19000000	69000000	26.9400
19000000	70000000	32.5500
19000000	71000000	27.6770
19000000	72000000	26.8956
19000000	73000000	25.7241
19000000	74000000	22.9052
19000000	75000000	23.6262
19000000	76000000	24.4355
19000000	77000000	25.4309
19000000	78000000	25.9985
19000000	79000000	19.5935
20000000	1000000	37.8709
20000000	2000000	60.9415
20000000	3000000	91.3332
20000000	4000000	103.9409
20000000	5000000	100.4641
20000000	6000000	63.6329
20000000	7000000	113.9929
20000000	8000000	112.9941
20000000	9000000	135.6168
20000000	10000000	94.1623
20000000	11000000	84.3675
20000000	12000000	95.7734
20000000	13000000	125.0440
20000000	14000000	119.5442
20000000	15000000	154.2739
20000000	16000000	144.5986
20000000	17000000	172.1493
20000000	18000000	321.2858
20000000	19000000	656.9760
20000000	20000000	2640.7594
20000000	21000000	643.3670
20000000	22000000	340.7042
20000000	23000000	181.3396
20000000	24000000	139.2247
20000000	25000000	184.4656
20000000	26000000	150.0933
20000000	27000000	144.7703
20000000	28000000	119.5321
20000000	29000000	127.0787
20000000	30000000	104.9425
20000000	31000000	111.7423
20000000	32000000	110.3565
20000000	33000000	114.6927
20000000	34000000	109.7028
20000000	35000000	68.9749
20000000	36000000	76.4699
20000000	37000000	78.1073
20000000	38000000	67.6735
20000000	39000000	93.5793
20000000	40000000	81.8869
20000000	41000000	101.4923
20000000	42000000	91.6557
20000000	43000000	78.5561
20000000	44000000	53.1781
20000000	45000000	94.7114
20000000	46000000	65.8940
20000000	47000000	71.4881
20000000	48000000	59.5481
20000000	49000000	46.9331
20000000	50000000	51.6405
20000000	51000000	57.8073
20000000	52000000	53.1140
20000000	53000000	51.2522
20000000	54000000	35.9343
20000000	55000000	38.7645
20000000	56000000	36.0948
20000000	57000000	40.9828
20000000	58000000	41.4972
20000000	59000000	34.5170
