1000000	1000000	1642.3907
1000000	2000000	683.9174
1000000	3000000	124.3623
1000000	4000000	143.5366
1000000	5000000	49.6561
1000000	6000000	93.3113
1000000	7000000	111.7614
1000000	8000000	71.1574
1000000	9000000	69.8511
1000000	10000000	91.8089
1000000	11000000	79.5364
1000000	12000000	51.4707
1000000	13000000	54.3941
1000000	14000000	59.1112
1000000	15000000	53.2565
1000000	16000000	52.9147
1000000	17000000	56.8418
1000000	18000000	48.2721
1000000	19000000	53.6251
1000000	20000000	44.1575
1000000	21000000	46.6067
1000000	22000000	45.4864
1000000	23000000	53.4702
1000000	24000000	36.3952
1000000	25000000	36.6754
1000000	26000000	47.7479
1000000	27000000	36.6821
1000000	28000000	30.8169
1000000	29000000	25.2329
1000000	30000000	37.4935
1000000	31000000	30.5695
1000000	32000000	49.7238
1000000	33000000	41.3087
1000000	34000000	35.4708
1000000	35000000	26.5021
1000000	36000000	29.1886
1000000	37000000	36.6876
1000000	38000000	35.4219
1000000	39000000	25.9445
1000000	40000000	24.4662
1000000	41000000	17.5259
1000000	42000000	15.9924
1000000	43000000	24.3183
1000000	44000000	27.1442
1000000	45000000	20.7314
1000000	46000000	27.8253
1000000	47000000	1.9378
1000000	48000000	20.4639
1000000	49000000	15.5289
1000000	50000000	24.5329
1000000	51000000	24.6037
1000000	52000000	30.0242
1000000	53000000	26.9768
1000000	54000000	23.3829
1000000	55000000	23.8728
1000000	56000000	13.3807
1000000	57000000	20.2082
1000000	58000000	17.0713
1000000	59000000	18.2359
1000000	60000000	13.9499
1000000	61000000	14.3422
1000000	62000000	11.3043
1000000	63000000	16.8622
1000000	64000000	12.1285
1000000	65000000	15.5327
1000000	66000000	20.6620
1000000	67000000	12.0327
1000000	68000000	16.1183
1000000	69000000	13.5281
1000000	70000000	15.4798
1000000	71000000	10.2711
1000000	72000000	15.3307
1000000	73000000	23.0861
1000000	74000000	22.0951
1000000	75000000	22.5947
1000000	76000000	7.1971
2000000	1000000	683.9174
2000000	2000000	2646.8025
2000000	3000000	817.9369
2000000	4000000	415.1066
2000000	5000000	131.2141
2000000	6000000	160.6839
2000000	7000000	197.8362
2000000	8000000	127.5513
2000000	9000000	121.8319
2000000	10000000	113.4970
2000000	11000000	102.7253
2000000	12000000	53.4314
2000000	13000000	85.2513
2000000	14000000	86.5046
2000000	15000000	59.1991
2000000	16000000	59.2453
2000000	17000000	58.5587
2000000	18000000	51.7028
2000000	19000000	86.9992
2000000	20000000	74.2292
2000000	21000000	79.7983
2000000	22000000	80.6188
2000000	23000000	66.4266
2000000	24000000	76.8248
2000000	25000000	73.1890
2000000	26000000	60.2135
2000000	27000000	63.7663
2000000	28000000	56.9204
2000000	29000000	50.7873
2000000	30000000	59.0468
2000000	31000000	64.6704
2000000	32000000	63.6554
2000000	33000000	45.0460
2000000	34000000	49.0076
2000000	35000000	44.7424
2000000	36000000	49.9341
2000000	37000000	40.4437
2000000	38000000	36.5473
2000000	39000000	39.4689
2000000	40000000	35.0960
2000000	41000000	31.4918
2000000	42000000	38.7094
2000000	43000000	44.8069
2000000	44000000	43.1672
2000000	45000000	36.3511
2000000	46000000	35.5771
2000000	47000000	4.3445
2000000	48000000	29.7894
2000000	49000000	40.6300
2000000	50000000	33.8036
2000000	51000000	37.2537
2000000	52000000	42.5001
2000000	53000000	39.6693
2000000	54000000	31.0826
2000000	55000000	28.8730
2000000	56000000	19.9692
2000000	57000000	15.8298
2000000	58000000	21.1899
2000000	59000000	29.5932
2000000	60000000	22.3667
2000000	61000000	18.5321
2000000	62000000	19.5661
2000000	63000000	22.9940
2000000	64000000	18.5373
2000000	65000000	23.2388
2000000	66000000	24.7389
2000000	67000000	22.0466
2000000	68000000	20.4143
2000000	69000000	17.2208
2000000	70000000	20.9500
2000000	71000000	14.3073
2000000	72000000	20.6150
2000000	73000000	34.1172
2000000	74000000	21.5303
2000000	75000000	32.0174
2000000	76000000	7.7485
3000000	1000000	124.3623
3000000	2000000	817.9369
3000000	3000000	2643.4913
3000000	4000000	604.2985
3000000	5000000	171.7410
3000000	6000000	146.2149
3000000	7000000	176.3161
3000000	8000000	118.6019
3000000	9000000	110.4420
3000000	10000000	91.6324
3000000	11000000	64.3693
3000000	12000000	42.3811
3000000	13000000	59.8832
3000000	14000000	63.4160
3000000	15000000	54.9522
3000000	16000000	48.7205
3000000	17000000	45.1312
3000000	18000000	43.5208
3000000	19000000	84.7864
3000000	20000000	78.0292
3000000	21000000	72.8960
3000000	22000000	69.9594
3000000	23000000	68.3676
3000000	24000000	73.1866
3000000	25000000	74.3385
3000000	26000000	58.4826
3000000	27000000	51.4239
3000000	28000000	60.0954
3000000	29000000	57.9328
3000000	30000000	64.0994
3000000	31000000	51.7506
3000000	32000000	43.3722
3000000	33000000	34.2241
3000000	34000000	45.5230
3000000	35000000	47.1884
3000000	36000000	48.4015
3000000	37000000	33.9926
3000000	38000000	35.2291
3000000	39000000	37.1749
3000000	40000000	34.6761
3000000	41000000	33.8237
3000000	42000000	30.5252
3000000	43000000	39.4664
3000000	44000000	38.7952
3000000	45000000	35.5278
3000000	46000000	30.0827
3000000	47000000	1.8391
3000000	48000000	22.8104
3000000	49000000	28.6166
3000000	50000000	35.8722
3000000	51000000	30.6504
3000000	52000000	34.4704
3000000	53000000	30.8483
3000000	54000000	31.0115
3000000	55000000	24.7761
3000000	56000000	14.9720
3000000	57000000	15.9477
3000000	58000000	21.7279
3000000	59000000	21.2682
3000000	60000000	19.3881
3000000	61000000	19.6336
3000000	62000000	19.1212
3000000	63000000	29.2919
3000000	64000000	20.0243
3000000	65000000	23.2745
3000000	66000000	27.6053
3000000	67000000	21.1453
3000000	68000000	16.5220
3000000	69000000	22.0181
3000000	70000000	23.0820
3000000	71000000	13.8981
3000000	72000000	16.4807
3000000	73000000	32.5473
3000000	74000000	23.5831
3000000	75000000	28.4783
3000000	76000000	5.3751
4000000	1000000	143.5366
4000000	2000000	415.1066
4000000	3000000	604.2985
4000000	4000000	3047.1638
4000000	5000000	569.7999
4000000	6000000	348.3777
4000000	7000000	303.9900
4000000	8000000	151.5971
4000000	9000000	126.0352
4000000	10000000	130.2805
4000000	11000000	118.4932
4000000	12000000	69.9510
4000000	13000000	94.5472
4000000	14000000	97.4651
4000000	15000000	75.8109
4000000	16000000	67.6094
4000000	17000000	64.7799
4000000	18000000	72.8562
4000000	19000000	102.4654
4000000	20000000	90.8224
4000000	21000000	103.6272
4000000	22000000	90.1276
4000000	23000000	83.7726
4000000	24000000	85.0990
4000000	25000000	90.8891
4000000	26000000	85.6178
4000000	27000000	70.9215
4000000	28000000	69.7724
4000000	29000000	62.0008
4000000	30000000	75.5700
4000000	31000000	63.2780
4000000	32000000	83.7790
4000000	33000000	65.7889
4000000	34000000	62.2381
4000000	35000000	49.4707
4000000	36000000	63.3505
4000000	37000000	47.9382
4000000	38000000	56.6792
4000000	39000000	38.2170
4000000	40000000	43.6782
4000000	41000000	35.7181
4000000	42000000	38.3833
4000000	43000000	50.4070
4000000	44000000	48.7242
4000000	45000000	46.2679
4000000	46000000	48.3217
4000000	47000000	6.6308
4000000	48000000	34.2235
4000000	49000000	38.8568
4000000	50000000	41.5087
4000000	51000000	38.2949
4000000	52000000	48.5285
4000000	53000000	43.4449
4000000	54000000	43.1758
4000000	55000000	37.0041
4000000	56000000	24.2843
4000000	57000000	22.6443
4000000	58000000	30.2720
4000000	59000000	26.2636
4000000	60000000	30.4665
4000000	61000000	24.3127
4000000	62000000	23.7643
4000000	63000000	33.7376
4000000	64000000	27.0874
4000000	65000000	25.9122
4000000	66000000	30.4756
4000000	67000000	31.8970
4000000	68000000	22.2429
4000000	69000000	26.4270
4000000	70000000	24.2037
4000000	71000000	18.6267
4000000	72000000	24.7588
4000000	73000000	40.7375
4000000	74000000	31.7187
4000000	75000000	35.1253
4000000	76000000	8.7710
5000000	1000000	49.6561
5000000	2000000	131.2141
5000000	3000000	171.7410
5000000	4000000	569.7999
5000000	5000000	1106.8400
5000000	6000000	494.7098
5000000	7000000	220.3175
5000000	8000000	107.1112
5000000	9000000	77.2064
5000000	10000000	64.2507
5000000	11000000	53.3230
5000000	12000000	31.0974
5000000	13000000	41.1828
5000000	14000000	45.7596
5000000	15000000	17.6002
5000000	16000000	35.9852
5000000	17000000	32.7723
5000000	18000000	33.0207
5000000	19000000	63.6212
5000000	20000000	66.8374
5000000	21000000	65.4835
5000000	22000000	49.6261
5000000	23000000	51.0368
5000000	24000000	57.9919
5000000	25000000	56.0291
5000000	26000000	48.7374
5000000	27000000	41.8819
5000000	28000000	40.8388
5000000	29000000	41.1919
5000000	30000000	55.0767
5000000	31000000	47.4597
5000000	32000000	30.3263
5000000	33000000	32.2534
5000000	34000000	40.9572
5000000	35000000	42.3018
5000000	36000000	34.6042
5000000	37000000	32.2193
5000000	38000000	31.8835
5000000	39000000	25.8795
5000000	40000000	30.1902
5000000	41000000	28.1974
5000000	42000000	29.4099
5000000	43000000	34.8588
5000000	44000000	30.4904
5000000	45000000	36.2316
5000000	46000000	28.9863
5000000	47000000	0.9689
5000000	48000000	20.7432
5000000	49000000	20.2060
5000000	50000000	30.7446
5000000	51000000	23.3484
5000000	52000000	24.9884
5000000	53000000	20.3611
5000000	54000000	18.1521
5000000	55000000	17.0209
5000000	56000000	14.5785
5000000	57000000	11.2272
5000000	58000000	13.6296
5000000	59000000	13.1988
5000000	60000000	10.4651
5000000	61000000	9.7097
5000000	62000000	14.3096
5000000	63000000	17.1053
5000000	64000000	14.1861
5000000	65000000	17.1799
5000000	66000000	19.4137
5000000	67000000	16.3354
5000000	68000000	18.2534
5000000	69000000	14.1976
5000000	70000000	12.6452
5000000	71000000	10.0444
5000000	72000000	15.8589
5000000	73000000	16.3046
5000000	74000000	18.3984
5000000	75000000	16.3221
5000000	76000000	4.3877
6000000	1000000	93.3113
6000000	2000000	160.6839
6000000	3000000	146.2149
6000000	4000000	348.3777
6000000	5000000	494.7098
6000000	6000000	3481.7722
6000000	7000000	828.5718
6000000	8000000	156.9141
6000000	9000000	126.7334
6000000	10000000	133.8031
6000000	11000000	111.3406
6000000	12000000	55.3489
6000000	13000000	75.7579
6000000	14000000	83.6594
6000000	15000000	53.3894
6000000	16000000	70.6493
6000000	17000000	53.4225
6000000	18000000	54.3733
6000000	19000000	90.4857
6000000	20000000	74.4646
6000000	21000000	76.9751
6000000	22000000	74.0701
6000000	23000000	80.2521
6000000	24000000	75.9354
6000000	25000000	83.0699
6000000	26000000	76.4651
6000000	27000000	72.0916
6000000	28000000	63.1507
6000000	29000000	61.4788
6000000	30000000	78.0510
6000000	31000000	64.1744
6000000	32000000	69.0445
6000000	33000000	56.3719
6000000	34000000	60.4886
6000000	35000000	50.0690
6000000	36000000	58.0782
6000000	37000000	43.6380
6000000	38000000	46.5522
6000000	39000000	39.2000
6000000	40000000	43.7134
6000000	41000000	44.0902
6000000	42000000	43.8555
6000000	43000000	44.0149
6000000	44000000	48.1922
6000000	45000000	51.6929
6000000	46000000	48.3260
6000000	47000000	4.4193
6000000	48000000	36.3135
6000000	49000000	42.2757
6000000	50000000	48.8600
6000000	51000000	35.5370
6000000	52000000	41.5756
6000000	53000000	41.0401
6000000	54000000	46.2365
6000000	55000000	37.6198
6000000	56000000	20.0170
6000000	57000000	25.9422
6000000	58000000	25.2790
6000000	59000000	23.8620
6000000	60000000	24.7173
6000000	61000000	25.9277
6000000	62000000	20.4052
6000000	63000000	32.9009
6000000	64000000	23.9672
6000000	65000000	34.8880
6000000	66000000	28.5805
6000000	67000000	25.9111
6000000	68000000	19.2649
6000000	69000000	24.4757
6000000	70000000	20.2591
6000000	71000000	21.3349
6000000	72000000	22.7380
6000000	73000000	33.3382
6000000	74000000	28.0676
6000000	75000000	33.0895
6000000	76000000	8.7766
7000000	1000000	111.7614
7000000	2000000	197.8362
7000000	3000000	176.3161
7000000	4000000	303.9900
7000000	5000000	220.3175
7000000	6000000	828.5718
7000000	7000000	2862.5772
7000000	8000000	816.6436
7000000	9000000	295.3502
7000000	10000000	222.1300
7000000	11000000	159.7055
7000000	12000000	75.2409
7000000	13000000	99.9432
7000000	14000000	123.7616
7000000	15000000	76.4842
7000000	16000000	87.7102
7000000	17000000	65.4664
7000000	18000000	78.9705
7000000	19000000	144.1457
7000000	20000000	129.0417
7000000	21000000	121.4894
7000000	22000000	119.9677
7000000	23000000	119.2560
7000000	24000000	113.9112
7000000	25000000	125.5146
7000000	26000000	107.1341
7000000	27000000	103.8469
7000000	28000000	87.4541
7000000	29000000	87.6736
7000000	30000000	99.5459
7000000	31000000	107.2372
7000000	32000000	85.8521
7000000	33000000	80.1583
7000000	34000000	82.6177
7000000	35000000	68.4514
7000000	36000000	80.2966
7000000	37000000	69.5890
7000000	38000000	49.8947
7000000	39000000	64.5101
7000000	40000000	51.1969
7000000	41000000	54.1783
7000000	42000000	57.0910
7000000	43000000	59.8973
7000000	44000000	58.7328
7000000	45000000	61.6005
7000000	46000000	57.0402
7000000	47000000	7.6064
7000000	48000000	43.8530
7000000	49000000	48.3163
7000000	50000000	59.0114
7000000	51000000	49.4079
7000000	52000000	56.0408
7000000	53000000	52.1298
7000000	54000000	41.4253
7000000	55000000	41.8166
7000000	56000000	21.1021
7000000	57000000	23.3809
7000000	58000000	27.3194
7000000	59000000	28.3752
7000000	60000000	32.1385
7000000	61000000	30.5654
7000000	62000000	19.2488
7000000	63000000	39.0136
7000000	64000000	30.5933
7000000	65000000	33.7030
7000000	66000000	34.9702
7000000	67000000	26.7995
7000000	68000000	23.0450
7000000	69000000	26.1865
7000000	70000000	38.2052
7000000	71000000	25.0567
7000000	72000000	30.5725
7000000	73000000	44.2593
7000000	74000000	26.0952
7000000	75000000	39.9698
7000000	76000000	10.3673
8000000	1000000	71.1574
8000000	2000000	127.5513
8000000	3000000	118.6019
8000000	4000000	151.5971
8000000	5000000	107.1112
8000000	6000000	156.9141
8000000	7000000	816.6436
8000000	8000000	2805.6825
8000000	9000000	768.7063
8000000	10000000	253.9968
8000000	11000000	124.3449
8000000	12000000	52.4900
8000000	13000000	90.9226
8000000	14000000	79.6298
8000000	15000000	48.8887
8000000	16000000	53.5833
8000000	17000000	49.9482
8000000	18000000	44.9116
8000000	19000000	81.9495
8000000	20000000	83.2260
8000000	21000000	90.6674
8000000	22000000	73.2809
8000000	23000000	83.0477
8000000	24000000	92.8050
8000000	25000000	82.3334
8000000	26000000	77.8286
8000000	27000000	67.2825
8000000	28000000	63.7578
8000000	29000000	66.9560
8000000	30000000	67.5831
8000000	31000000	70.0527
8000000	32000000	50.5792
8000000	33000000	55.9284
8000000	34000000	53.9834
8000000	35000000	53.7942
8000000	36000000	47.9449
8000000	37000000	44.8489
8000000	38000000	41.5742
8000000	39000000	44.6221
8000000	40000000	42.1466
8000000	41000000	40.1567
8000000	42000000	43.8935
8000000	43000000	44.1409
8000000	44000000	44.0645
8000000	45000000	43.5473
8000000	46000000	42.1668
8000000	47000000	4.0225
8000000	48000000	33.6062
8000000	49000000	43.5027
8000000	50000000	41.2426
8000000	51000000	37.5859
8000000	52000000	35.2796
8000000	53000000	34.5419
8000000	54000000	30.8346
8000000	55000000	34.7381
8000000	56000000	17.4513
8000000	57000000	16.3480
8000000	58000000	20.4478
8000000	59000000	23.9243
8000000	60000000	20.9670
8000000	61000000	23.3870
8000000	62000000	20.2135
8000000	63000000	26.8266
8000000	64000000	23.8116
8000000	65000000	30.5103
8000000	66000000	28.3750
8000000	67000000	21.2658
8000000	68000000	14.5853
8000000	69000000	18.6585
8000000	70000000	20.7924
8000000	71000000	19.1831
8000000	72000000	19.3931
8000000	73000000	33.1168
8000000	74000000	20.7222
8000000	75000000	35.8455
8000000	76000000	7.3455
9000000	1000000	69.8511
9000000	2000000	121.8319
9000000	3000000	110.4420
9000000	4000000	126.0352
9000000	5000000	77.2064
9000000	6000000	126.7334
9000000	7000000	295.3502
9000000	8000000	768.7063
9000000	9000000	3036.0890
9000000	10000000	895.7157
9000000	11000000	159.6502
9000000	12000000	72.0884
9000000	13000000	86.2385
9000000	14000000	88.2847
9000000	15000000	61.2200
9000000	16000000	65.8890
9000000	17000000	52.9371
9000000	18000000	51.5545
9000000	19000000	89.5609
9000000	20000000	82.1075
9000000	21000000	78.8677
9000000	22000000	81.6066
9000000	23000000	73.8978
9000000	24000000	78.0962
9000000	25000000	82.4036
9000000	26000000	72.9932
9000000	27000000	66.5273
9000000	28000000	57.6871
9000000	29000000	55.8341
9000000	30000000	71.4257
9000000	31000000	69.7730
9000000	32000000	71.2986
9000000	33000000	53.8102
9000000	34000000	54.1664
9000000	35000000	53.6453
9000000	36000000	61.7941
9000000	37000000	49.0247
9000000	38000000	47.2172
9000000	39000000	47.4477
9000000	40000000	36.1299
9000000	41000000	42.8574
9000000	42000000	41.5429
9000000	43000000	42.9431
9000000	44000000	49.5013
9000000	45000000	43.8352
9000000	46000000	46.9652
9000000	47000000	4.8051
9000000	48000000	38.0841
9000000	49000000	41.4238
9000000	50000000	45.8236
9000000	51000000	41.7177
9000000	52000000	40.2433
9000000	53000000	45.2544
9000000	54000000	42.2339
9000000	55000000	37.3829
9000000	56000000	20.2389
9000000	57000000	25.7592
9000000	58000000	24.5650
9000000	59000000	25.5918
9000000	60000000	22.2227
9000000	61000000	24.3547
9000000	62000000	19.2936
9000000	63000000	28.6927
9000000	64000000	19.9080
9000000	65000000	28.3154
9000000	66000000	31.5887
9000000	67000000	25.5171
9000000	68000000	21.3487
9000000	69000000	20.8358
9000000	70000000	29.0070
9000000	71000000	17.5150
9000000	72000000	25.1978
9000000	73000000	42.9847
9000000	74000000	27.4656
9000000	75000000	30.9628
9000000	76000000	8.1527
10000000	1000000	91.8089
10000000	2000000	113.4970
10000000	3000000	91.6324
10000000	4000000	130.2805
10000000	5000000	64.2507
10000000	6000000	133.8031
10000000	7000000	222.1300
10000000	8000000	253.9968
10000000	9000000	895.7157
10000000	10000000	2822.3973
10000000	11000000	848.6606
10000000	12000000	142.9294
10000000	13000000	136.9110
10000000	14000000	139.6922
10000000	15000000	101.7510
10000000	16000000	94.5806
10000000	17000000	90.8010
10000000	18000000	85.8380
10000000	19000000	112.1598
10000000	20000000	70.5659
10000000	21000000	87.7594
10000000	22000000	99.8239
10000000	23000000	64.6752
10000000	24000000	74.1837
10000000	25000000	75.3276
10000000	26000000	100.5886
10000000	27000000	70.8989
10000000	28000000	62.8272
10000000	29000000	54.6779
10000000	30000000	67.9440
10000000	31000000	59.2929
10000000	32000000	96.4349
10000000	33000000	82.4545
10000000	34000000	58.2655
10000000	35000000	46.6669
10000000	36000000	71.6534
10000000	37000000	61.4715
10000000	38000000	62.2727
10000000	39000000	38.7764
10000000	40000000	39.5667
10000000	41000000	41.8841
10000000	42000000	39.4048
10000000	43000000	43.8101
10000000	44000000	47.6640
10000000	45000000	46.3123
10000000	46000000	53.4115
10000000	47000000	5.6743
10000000	48000000	44.6254
10000000	49000000	46.0107
10000000	50000000	51.4752
10000000	51000000	45.8253
10000000	52000000	50.2029
10000000	53000000	45.0439
10000000	54000000	44.0961
10000000	55000000	43.6272
10000000	56000000	29.0423
10000000	57000000	26.5144
10000000	58000000	27.1895
10000000	59000000	30.0811
10000000	60000000	31.6285
10000000	61000000	29.9676
10000000	62000000	26.6444
10000000	63000000	31.1428
10000000	64000000	28.2210
10000000	65000000	31.6098
10000000	66000000	28.0126
10000000	67000000	21.7231
10000000	68000000	23.7142
10000000	69000000	23.1819
10000000	70000000	23.9251
10000000	71000000	22.6969
10000000	72000000	21.4184
10000000	73000000	36.4665
10000000	74000000	33.4411
10000000	75000000	37.3368
10000000	76000000	8.7266
11000000	1000000	79.5364
11000000	2000000	102.7253
11000000	3000000	64.3693
11000000	4000000	118.4932
11000000	5000000	53.3230
11000000	6000000	111.3406
11000000	7000000	159.7055
11000000	8000000	124.3449
11000000	9000000	159.6502
11000000	10000000	848.6606
11000000	11000000	3083.8837
11000000	12000000	484.7529
11000000	13000000	167.7750
11000000	14000000	180.1997
11000000	15000000	153.0623
11000000	16000000	120.4534
11000000	17000000	128.1855
11000000	18000000	100.9097
11000000	19000000	106.9331
11000000	20000000	59.8694
11000000	21000000	70.9797
11000000	22000000	91.2279
11000000	23000000	67.1161
11000000	24000000	67.7870
11000000	25000000	64.5104
11000000	26000000	90.2591
11000000	27000000	56.3339
11000000	28000000	52.9560
11000000	29000000	49.2147
11000000	30000000	62.6125
11000000	31000000	50.7804
11000000	32000000	110.0239
11000000	33000000	91.0088
11000000	34000000	50.7576
11000000	35000000	41.3142
11000000	36000000	75.9787
11000000	37000000	72.3858
11000000	38000000	72.2185
11000000	39000000	37.5458
11000000	40000000	40.8513
11000000	41000000	28.8270
11000000	42000000	40.0341
11000000	43000000	42.8465
11000000	44000000	49.3958
11000000	45000000	46.5586
11000000	46000000	61.8395
11000000	47000000	6.6309
11000000	48000000	34.7348
11000000	49000000	35.4901
11000000	50000000	57.0586
11000000	51000000	45.3726
11000000	52000000	45.9564
11000000	53000000	54.1244
11000000	54000000	53.8527
11000000	55000000	51.6214
11000000	56000000	40.2230
11000000	57000000	46.9940
11000000	58000000	43.7289
11000000	59000000	43.6223
11000000	60000000	44.6476
11000000	61000000	43.8441
11000000	62000000	37.6087
11000000	63000000	33.1588
11000000	64000000	33.9307
11000000	65000000	30.5736
11000000	66000000	32.0213
11000000	67000000	32.3853
11000000	68000000	33.0088
11000000	69000000	29.8038
11000000	70000000	30.4206
11000000	71000000	25.4281
11000000	72000000	29.0313
11000000	73000000	36.5084
11000000	74000000	35.7534
11000000	75000000	38.7072
11000000	76000000	8.9044
12000000	1000000	51.4707
12000000	2000000	53.4314
12000000	3000000	42.3811
12000000	4000000	69.9510
12000000	5000000	31.0974
12000000	6000000	55.3489
12000000	7000000	75.2409
12000000	8000000	52.4900
12000000	9000000	72.0884
12000000	10000000	142.9294
12000000	11000000	484.7529
12000000	12000000	2027.3170
12000000	13000000	422.5461
12000000	14000000	225.5642
12000000	15000000	159.2444
12000000	16000000	119.0966
12000000	17000000	106.0680
12000000	18000000	86.2972
12000000	19000000	67.1448
12000000	20000000	32.3763
12000000	21000000	43.6972
12000000	22000000	54.7559
12000000	23000000	37.3787
12000000	24000000	34.1807
12000000	25000000	39.8256
12000000	26000000	72.1321
12000000	27000000	38.3273
12000000	28000000	24.4693
12000000	29000000	27.4035
12000000	30000000	33.0012
12000000	31000000	24.0609
12000000	32000000	73.4545
12000000	33000000	69.8712
12000000	34000000	25.6739
12000000	35000000	24.2121
12000000	36000000	46.9100
12000000	37000000	55.4020
12000000	38000000	46.6867
12000000	39000000	22.2607
12000000	40000000	24.9232
12000000	41000000	23.9117
12000000	42000000	23.6820
12000000	43000000	21.4576
12000000	44000000	32.1156
12000000	45000000	29.6512
12000000	46000000	39.2392
12000000	47000000	2.2295
12000000	48000000	26.2916
12000000	49000000	23.5509
12000000	50000000	36.8702
12000000	51000000	32.8609
12000000	52000000	41.3233
12000000	53000000	36.3702
12000000	54000000	32.9711
12000000	55000000	35.1782
12000000	56000000	29.4528
12000000	57000000	29.6491
12000000	58000000	33.5019
12000000	59000000	32.7728
12000000	60000000	24.2374
12000000	61000000	28.6947
12000000	62000000	24.3346
12000000	63000000	24.3657
12000000	64000000	23.2256
12000000	65000000	22.5213
12000000	66000000	21.8303
12000000	67000000	26.6938
12000000	68000000	25.3242
12000000	69000000	22.1093
12000000	70000000	20.5539
12000000	71000000	19.5812
12000000	72000000	17.0900
12000000	73000000	22.7712
12000000	74000000	21.9283
12000000	75000000	24.8979
12000000	76000000	6.4259
13000000	1000000	54.3941
13000000	2000000	85.2513
13000000	3000000	59.8832
13000000	4000000	94.5472
13000000	5000000	41.1828
13000000	6000000	75.7579
13000000	7000000	99.9432
13000000	8000000	90.9226
13000000	9000000	86.2385
13000000	10000000	136.9110
13000000	11000000	167.7750
13000000	12000000	422.5461
13000000	13000000	2206.8964
13000000	14000000	625.0027
13000000	15000000	151.6681
13000000	16000000	118.0876
13000000	17000000	97.9975
13000000	18000000	103.4784
13000000	19000000	102.5121
13000000	20000000	63.1334
13000000	21000000	76.7247
13000000	22000000	89.2838
13000000	23000000	63.3357
13000000	24000000	56.1091
13000000	25000000	57.7649
13000000	26000000	78.3771
13000000	27000000	67.0609
13000000	28000000	53.8203
13000000	29000000	54.6378
13000000	30000000	55.3745
13000000	31000000	48.8139
13000000	32000000	73.0528
13000000	33000000	58.6133
13000000	34000000	55.4159
13000000	35000000	39.2632
13000000	36000000	57.0407
13000000	37000000	55.2664
13000000	38000000	48.9005
13000000	39000000	37.3492
13000000	40000000	39.4759
13000000	41000000	32.6237
13000000	42000000	34.5512
13000000	43000000	37.2716
13000000	44000000	37.8329
13000000	45000000	45.5126
13000000	46000000	46.1407
13000000	47000000	15.0941
13000000	48000000	33.6377
13000000	49000000	38.9529
13000000	50000000	52.2820
13000000	51000000	38.1859
13000000	52000000	41.9456
13000000	53000000	44.4000
13000000	54000000	43.0674
13000000	55000000	34.3656
13000000	56000000	23.9084
13000000	57000000	25.9154
13000000	58000000	24.8823
13000000	59000000	29.2220
13000000	60000000	27.3416
13000000	61000000	26.2589
13000000	62000000	21.2816
13000000	63000000	37.6965
13000000	64000000	24.7181
13000000	65000000	27.6513
13000000	66000000	21.9811
13000000	67000000	21.2315
13000000	68000000	23.3529
13000000	69000000	19.5472
13000000	70000000	22.5416
13000000	71000000	21.3746
13000000	72000000	16.7448
13000000	73000000	32.0657
13000000	74000000	22.7989
13000000	75000000	28.1811
13000000	76000000	5.6003
14000000	1000000	59.1112
14000000	2000000	86.5046
14000000	3000000	63.4160
14000000	4000000	97.4651
14000000	5000000	45.7596
14000000	6000000	83.6594
14000000	7000000	123.7616
14000000	8000000	79.6298
14000000	9000000	88.2847
14000000	10000000	139.6922
14000000	11000000	180.1997
14000000	12000000	225.5642
14000000	13000000	625.0027
14000000	14000000	3138.8754
14000000	15000000	666.6208
14000000	16000000	183.5039
14000000	17000000	153.0799
14000000	18000000	125.1568
14000000	19000000	122.3220
14000000	20000000	59.4227
14000000	21000000	84.7794
14000000	22000000	82.6658
14000000	23000000	65.6878
14000000	24000000	68.1937
14000000	25000000	71.7996
14000000	26000000	94.5525
14000000	27000000	60.4720
14000000	28000000	51.9615
14000000	29000000	49.1318
14000000	30000000	55.6188
14000000	31000000	54.6385
14000000	32000000	83.8250
14000000	33000000	80.0853
14000000	34000000	53.9800
14000000	35000000	45.2316
14000000	36000000	68.1618
14000000	37000000	74.6568
14000000	38000000	68.5490
14000000	39000000	37.9655
14000000	40000000	38.0772
14000000	41000000	34.7003
14000000	42000000	38.4413
14000000	43000000	51.3611
14000000	44000000	43.0178
14000000	45000000	47.3212
14000000	46000000	64.2750
14000000	47000000	6.4200
14000000	48000000	42.5532
14000000	49000000	41.4906
14000000	50000000	54.9266
14000000	51000000	52.9027
14000000	52000000	51.2363
14000000	53000000	59.0674
14000000	54000000	51.1110
14000000	55000000	49.5006
14000000	56000000	32.6585
14000000	57000000	33.9435
14000000	58000000	39.5381
14000000	59000000	40.5497
14000000	60000000	42.3028
14000000	61000000	40.3539
14000000	62000000	32.8045
14000000	63000000	41.5088
14000000	64000000	31.7610
14000000	65000000	36.2874
14000000	66000000	30.2245
14000000	67000000	30.9354
14000000	68000000	27.9172
14000000	69000000	25.3428
14000000	70000000	34.7909
14000000	71000000	24.7188
14000000	72000000	27.0793
14000000	73000000	45.2800
14000000	74000000	40.4580
14000000	75000000	37.2825
14000000	76000000	7.0483
15000000	1000000	53.2565
15000000	2000000	59.1991
15000000	3000000	54.9522
15000000	4000000	75.8109
15000000	5000000	17.6002
15000000	6000000	53.3894
15000000	7000000	76.4842
15000000	8000000	48.8887
15000000	9000000	61.2200
15000000	10000000	101.7510
15000000	11000000	153.0623
15000000	12000000	159.2444
15000000	13000000	151.6681
15000000	14000000	666.6208
15000000	15000000	3279.1132
15000000	16000000	834.1886
15000000	17000000	229.1665
15000000	18000000	131.9261
15000000	19000000	88.5028
15000000	20000000	46.0493
15000000	21000000	48.5911
15000000	22000000	62.7513
15000000	23000000	43.5021
15000000	24000000	41.7990
15000000	25000000	46.2124
15000000	26000000	64.4538
15000000	27000000	44.3920
15000000	28000000	35.0626
15000000	29000000	27.7655
15000000	30000000	46.9301
15000000	31000000	30.8750
15000000	32000000	104.5421
15000000	33000000	80.5272
15000000	34000000	33.6042
15000000	35000000	31.3425
15000000	36000000	55.2340
15000000	37000000	59.5092
15000000	38000000	67.1538
15000000	39000000	30.9249
15000000	40000000	25.1996
15000000	41000000	28.0948
15000000	42000000	26.7265
15000000	43000000	36.3659
15000000	44000000	33.2025
15000000	45000000	41.1173
15000000	46000000	57.3257
15000000	47000000	2.4556
15000000	48000000	31.6385
15000000	49000000	33.3844
15000000	50000000	45.2418
15000000	51000000	36.7286
15000000	52000000	51.7380
15000000	53000000	51.3864
15000000	54000000	46.6331
15000000	55000000	72.0188
15000000	56000000	49.8782
15000000	57000000	65.0863
15000000	58000000	57.8504
15000000	59000000	49.6226
15000000	60000000	55.9331
15000000	61000000	57.5369
15000000	62000000	50.1579
15000000	63000000	30.6868
15000000	64000000	29.9196
15000000	65000000	40.3138
15000000	66000000	31.4627
15000000	67000000	34.5531
15000000	68000000	51.3788
15000000	69000000	43.8782
15000000	70000000	35.8688
15000000	71000000	20.6667
15000000	72000000	28.3119
15000000	73000000	29.1628
15000000	74000000	41.4431
15000000	75000000	37.4350
15000000	76000000	7.2569
16000000	1000000	52.9147
16000000	2000000	59.2453
16000000	3000000	48.7205
16000000	4000000	67.6094
16000000	5000000	35.9852
16000000	6000000	70.6493
16000000	7000000	87.7102
16000000	8000000	53.5833
16000000	9000000	65.8890
16000000	10000000	94.5806
16000000	11000000	120.4534
16000000	12000000	119.0966
16000000	13000000	118.0876
16000000	14000000	183.5039
16000000	15000000	834.1886
16000000	16000000	3046.8414
16000000	17000000	569.1072
16000000	18000000	171.9260
16000000	19000000	89.5479
16000000	20000000	46.6654
16000000	21000000	56.0467
16000000	22000000	65.7142
16000000	23000000	41.8307
16000000	24000000	41.6695
16000000	25000000	50.6943
16000000	26000000	73.1823
16000000	27000000	43.1441
16000000	28000000	41.9277
16000000	29000000	36.0501
16000000	30000000	46.7090
16000000	31000000	33.5791
16000000	32000000	99.9968
16000000	33000000	95.7979
16000000	34000000	35.2669
16000000	35000000	30.7352
16000000	36000000	57.9591
16000000	37000000	77.0696
16000000	38000000	69.1580
16000000	39000000	30.7686
16000000	40000000	26.9756
16000000	41000000	35.2540
16000000	42000000	29.7829
16000000	43000000	34.7854
16000000	44000000	45.0794
16000000	45000000	40.3356
16000000	46000000	59.2759
16000000	47000000	3.8756
16000000	48000000	32.6276
16000000	49000000	34.9127
16000000	50000000	42.9802
16000000	51000000	39.4781
16000000	52000000	48.6189
16000000	53000000	48.3278
16000000	54000000	58.9094
16000000	55000000	64.7751
16000000	56000000	54.9360
16000000	57000000	60.0068
16000000	58000000	61.0215
16000000	59000000	58.2463
16000000	60000000	53.3657
16000000	61000000	58.5647
16000000	62000000	41.1085
16000000	63000000	33.9814
16000000	64000000	35.7013
16000000	65000000	31.1517
16000000	66000000	25.3362
16000000	67000000	28.4793
16000000	68000000	42.6021
16000000	69000000	43.1811
16000000	70000000	39.2658
16000000	71000000	27.5794
16000000	72000000	30.2382
16000000	73000000	35.5056
16000000	74000000	38.6242
16000000	75000000	36.7594
16000000	76000000	7.0229
17000000	1000000	56.8418
17000000	2000000	58.5587
17000000	3000000	45.1312
17000000	4000000	64.7799
17000000	5000000	32.7723
17000000	6000000	53.4225
17000000	7000000	65.4664
17000000	8000000	49.9482
17000000	9000000	52.9371
17000000	10000000	90.8010
17000000	11000000	128.1855
17000000	12000000	106.0680
17000000	13000000	97.9975
17000000	14000000	153.0799
17000000	15000000	229.1665
17000000	16000000	569.1072
17000000	17000000	3079.0099
17000000	18000000	574.1011
17000000	19000000	143.5111
17000000	20000000	55.8993
17000000	21000000	60.7803
17000000	22000000	88.4223
17000000	23000000	53.9024
17000000	24000000	40.3835
17000000	25000000	51.5973
17000000	26000000	92.5959
17000000	27000000	48.5813
17000000	28000000	45.4822
17000000	29000000	37.2977
17000000	30000000	48.1984
17000000	31000000	36.0533
17000000	32000000	99.9713
17000000	33000000	101.3652
17000000	34000000	42.9634
17000000	35000000	26.7862
17000000	36000000	67.3968
17000000	37000000	80.7146
17000000	38000000	79.0524
17000000	39000000	27.5150
17000000	40000000	29.2442
17000000	41000000	30.4884
17000000	42000000	26.4042
17000000	43000000	37.4523
17000000	44000000	43.3024
17000000	45000000	41.1240
17000000	46000000	64.4432
17000000	47000000	4.1697
17000000	48000000	35.4476
17000000	49000000	37.5960
17000000	50000000	63.9376
17000000	51000000	44.0245
17000000	52000000	52.1367
17000000	53000000	60.9177
17000000	54000000	59.1199
17000000	55000000	66.8176
17000000	56000000	66.0399
17000000	57000000	57.0277
17000000	58000000	63.6967
17000000	59000000	61.5537
17000000	60000000	61.3825
17000000	61000000	52.3310
17000000	62000000	41.3159
17000000	63000000	36.8566
17000000	64000000	28.6709
17000000	65000000	40.1526
17000000	66000000	25.8232
17000000	67000000	34.7067
17000000	68000000	42.2222
17000000	69000000	37.1167
17000000	70000000	35.1214
17000000	71000000	29.4006
17000000	72000000	31.3192
17000000	73000000	36.2794
17000000	74000000	35.1058
17000000	75000000	43.1759
17000000	76000000	6.1080
18000000	1000000	48.2721
18000000	2000000	51.7028
18000000	3000000	43.5208
18000000	4000000	72.8562
18000000	5000000	33.0207
18000000	6000000	54.3733
18000000	7000000	78.9705
18000000	8000000	44.9116
18000000	9000000	51.5545
18000000	10000000	85.8380
18000000	11000000	100.9097
18000000	12000000	86.2972
18000000	13000000	103.4784
18000000	14000000	125.1568
18000000	15000000	131.9261
18000000	16000000	171.9260
18000000	17000000	574.1011
18000000	18000000	2117.4141
18000000	19000000	482.2801
18000000	20000000	101.5339
18000000	21000000	94.9338
18000000	22000000	107.1847
18000000	23000000	67.6592
18000000	24000000	59.7072
18000000	25000000	54.5033
18000000	26000000	103.9590
18000000	27000000	55.4296
18000000	28000000	46.0334
18000000	29000000	45.5615
18000000	30000000	46.5804
18000000	31000000	39.1798
18000000	32000000	112.2912
18000000	33000000	115.0603
18000000	34000000	50.0019
18000000	35000000	26.7261
18000000	36000000	64.5240
18000000	37000000	83.8292
18000000	38000000	84.8330
18000000	39000000	27.7563
18000000	40000000	31.6484
18000000	41000000	29.7766
18000000	42000000	29.4458
18000000	43000000	35.2890
18000000	44000000	36.2940
18000000	45000000	44.5096
18000000	46000000	66.6498
18000000	47000000	4.3755
18000000	48000000	37.8259
18000000	49000000	38.8215
18000000	50000000	58.3354
18000000	51000000	48.2614
18000000	52000000	54.6029
18000000	53000000	66.7622
18000000	54000000	53.2458
18000000	55000000	52.9820
18000000	56000000	45.0998
18000000	57000000	34.4331
18000000	58000000	34.9216
18000000	59000000	45.6583
18000000	60000000	35.3024
18000000	61000000	35.0172
18000000	62000000	34.5672
18000000	63000000	33.3049
18000000	64000000	30.9217
18000000	65000000	29.5757
18000000	66000000	24.2297
18000000	67000000	30.8771
18000000	68000000	26.2136
18000000	69000000	26.9847
18000000	70000000	26.1757
18000000	71000000	20.4629
18000000	72000000	20.1465
18000000	73000000	23.4389
18000000	74000000	31.0179
18000000	75000000	31.7459
18000000	76000000	6.3741
19000000	1000000	53.6251
19000000	2000000	86.9992
19000000	3000000	84.7864
19000000	4000000	102.4654
19000000	5000000	63.6212
19000000	6000000	90.4857
19000000	7000000	144.1457
19000000	8000000	81.9495
19000000	9000000	89.5609
19000000	10000000	112.1598
19000000	11000000	106.9331
19000000	12000000	67.1448
19000000	13000000	102.5121
19000000	14000000	122.3220
19000000	15000000	88.5028
19000000	16000000	89.5479
19000000	17000000	143.5111
19000000	18000000	482.2801
19000000	19000000	2493.7931
19000000	20000000	734.9480
19000000	21000000	298.3289
19000000	22000000	194.4235
19000000	23000000	121.7524
19000000	24000000	119.5274
19000000	25000000	126.4771
19000000	26000000	141.7834
19000000	27000000	102.7201
19000000	28000000	87.7108
19000000	29000000	83.9092
19000000	30000000	90.8297
19000000	31000000	90.3902
19000000	32000000	119.0651
19000000	33000000	112.9767
19000000	34000000	89.8766
19000000	35000000	70.1249
19000000	36000000	90.7781
19000000	37000000	90.2498
19000000	38000000	87.7404
19000000	39000000	60.9059
19000000	40000000	56.2258
19000000	41000000	56.8596
19000000	42000000	47.4572
19000000	43000000	67.9271
19000000	44000000	76.4656
19000000	45000000	79.9219
19000000	46000000	76.4768
19000000	47000000	12.4591
19000000	48000000	53.5330
19000000	49000000	60.6774
19000000	50000000	73.0267
19000000	51000000	65.3840
19000000	52000000	71.1699
19000000	53000000	64.5189
19000000	54000000	52.8966
19000000	55000000	45.6696
19000000	56000000	25.6058
19000000	57000000	26.3083
19000000	58000000	29.8787
19000000	59000000	34.6464
19000000	60000000	26.3350
19000000	61000000	28.9709
19000000	62000000	21.0513
19000000	63000000	39.2897
19000000	64000000	33.3397
19000000	65000000	37.4082
19000000	66000000	31.6919
19000000	67000000	29.2501
19000000	68000000	27.3949
19000000	69000000	17.2335
19000000	70000000	27.3033
19000000	71000000	18.2327
19000000	72000000	18.3640
19000000	73000000	35.9599
19000000	74000000	31.6316
19000000	75000000	35.3007
19000000	76000000	6.1538
20000000	1000000	44.1575
20000000	2000000	74.2292
20000000	3000000	78.0292
20000000	4000000	90.8224
20000000	5000000	66.8374
20000000	6000000	74.4646
20000000	7000000	129.0417
20000000	8000000	83.2260
20000000	9000000	82.1075
20000000	10000000	70.5659
20000000	11000000	59.8694
20000000	12000000	32.3763
20000000	13000000	63.1334
20000000	14000000	59.4227
20000000	15000000	46.0493
20000000	16000000	46.6654
20000000	17000000	55.8993
20000000	18000000	101.5339
20000000	19000000	734.9480
20000000	20000000	1976.1137
20000000	21000000	603.2655
20000000	22000000	196.1152
20000000	23000000	154.7190
20000000	24000000	165.1684
20000000	25000000	131.3689
20000000	26000000	101.8534
20000000	27000000	91.6083
20000000	28000000	107.8258
20000000	29000000	98.7239
20000000	30000000	83.0571
20000000	31000000	102.6509
20000000	32000000	56.9302
20000000	33000000	57.0792
20000000	34000000	79.8897
20000000	35000000	84.2927
20000000	36000000	70.0304
20000000	37000000	51.1223
20000000	38000000	48.1435
20000000	39000000	63.8703
20000000	40000000	60.0061
20000000	41000000	61.0948
20000000	42000000	55.4574
20000000	43000000	59.8955
20000000	44000000	61.4450
20000000	45000000	72.9984
20000000	46000000	56.4169
20000000	47000000	8.0206
20000000	48000000	44.3658
20000000	49000000	64.9206
20000000	50000000	46.4029
20000000	51000000	50.7318
20000000	52000000	43.0792
20000000	53000000	37.9546
20000000	54000000	39.5345
20000000	55000000	31.6035
20000000	56000000	19.3495
20000000	57000000	17.8501
20000000	58000000	22.0321
20000000	59000000	21.6771
20000000	60000000	20.9553
20000000	61000000	15.7044
20000000	62000000	17.3721
20000000	63000000	33.0087
20000000	64000000	21.3007
20000000	65000000	24.1499
20000000	66000000	23.7995
20000000	67000000	21.2791
20000000	68000000	19.2490
20000000	69000000	18.6124
20000000	70000000	20.9300
20000000	71000000	15.4498
20000000	72000000	15.4458
20000000	73000000	30.0377
20000000	74000000	21.4500
20000000	75000000	33.4380
20000000	76000000	7.6668
21000000	1000000	46.6067
21000000	2000000	79.7983
21000000	3000000	72.8960
21000000	4000000	103.6272
21000000	5000000	65.4835
21000000	6000000	76.9751
21000000	7000000	121.4894
21000000	8000000	90.6674
21000000	9000000	78.8677
21000000	10000000	87.7594
21000000	11000000	70.9797
21000000	12000000	43.6972
21000000	13000000	76.7247
21000000	14000000	84.7794
21000000	15000000	48.5911
21000000	16000000	56.0467
21000000	17000000	60.7803
21000000	18000000	94.9338
21000000	19000000	298.3289
21000000	20000000	603.2655
21000000	21000000	2439.6972
21000000	22000000	622.0975
21000000	23000000	220.2639
21000000	24000000	168.9969
21000000	25000000	138.7712
21000000	26000000	125.3460
21000000	27000000	103.0798
21000000	28000000	88.4096
21000000	29000000	100.6846
21000000	30000000	93.1815
21000000	31000000	100.0325
21000000	32000000	79.9369
21000000	33000000	77.2551
21000000	34000000	96.7821
21000000	35000000	80.5042
21000000	36000000	84.6472
21000000	37000000	63.2310
21000000	38000000	68.2884
21000000	39000000	63.4478
21000000	40000000	68.8453
21000000	41000000	63.6819
21000000	42000000	65.4613
21000000	43000000	65.4770
