1000000	1000000	1155.2408
1000000	2000000	603.2017
1000000	3000000	184.9666
1000000	4000000	135.8436
1000000	5000000	112.8598
1000000	6000000	78.5961
1000000	7000000	79.9509
1000000	8000000	70.0665
1000000	9000000	79.9189
1000000	10000000	71.7758
1000000	11000000	72.2582
1000000	12000000	66.8502
1000000	13000000	54.4086
1000000	14000000	51.9094
1000000	15000000	51.6360
1000000	16000000	79.0928
1000000	17000000	65.7198
1000000	18000000	52.9842
1000000	19000000	47.1640
1000000	20000000	64.3772
1000000	21000000	19.5474
1000000	22000000	31.4069
1000000	23000000	38.5256
1000000	24000000	47.7229
1000000	25000000	46.2170
1000000	26000000	44.5782
1000000	27000000	24.4000
1000000	28000000	36.3989
1000000	29000000	37.0443
1000000	30000000	30.0693
1000000	31000000	35.1063
1000000	32000000	26.8806
1000000	33000000	23.5747
1000000	34000000	23.5490
1000000	35000000	25.5961
1000000	36000000	28.7782
1000000	37000000	31.2521
1000000	38000000	23.7512
1000000	39000000	18.2918
1000000	40000000	21.0590
1000000	41000000	34.9301
1000000	42000000	27.0105
1000000	43000000	25.2273
1000000	44000000	21.2161
1000000	45000000	25.8855
1000000	46000000	11.2419
1000000	47000000	25.9138
1000000	48000000	19.0864
1000000	49000000	31.0342
1000000	50000000	18.9234
1000000	51000000	28.5433
1000000	52000000	22.1413
1000000	53000000	21.7386
1000000	54000000	19.9568
1000000	55000000	16.7506
1000000	56000000	6.3998
1000000	57000000	20.3970
1000000	58000000	21.5775
1000000	59000000	17.8479
1000000	60000000	14.4171
1000000	61000000	19.9557
1000000	62000000	20.5069
1000000	63000000	17.3492
1000000	64000000	19.3084
1000000	65000000	25.2649
1000000	66000000	16.5131
1000000	67000000	16.3164
1000000	68000000	14.2229
1000000	69000000	13.2540
1000000	70000000	12.8201
1000000	71000000	15.7307
1000000	72000000	23.8863
1000000	73000000	31.3373
1000000	74000000	14.9783
1000000	75000000	8.4037
1000000	76000000	9.6506
1000000	77000000	8.4957
2000000	1000000	603.2017
2000000	2000000	3253.8973
2000000	3000000	872.3893
2000000	4000000	288.4552
2000000	5000000	183.8253
2000000	6000000	121.1011
2000000	7000000	124.6867
2000000	8000000	98.4666
2000000	9000000	118.1450
2000000	10000000	112.5056
2000000	11000000	108.4009
2000000	12000000	109.5001
2000000	13000000	112.4873
2000000	14000000	94.3244
2000000	15000000	80.3151
2000000	16000000	106.8280
2000000	17000000	94.5130
2000000	18000000	71.7876
2000000	19000000	82.6284
2000000	20000000	71.0357
2000000	21000000	27.8378
2000000	22000000	54.4545
2000000	23000000	47.2925
2000000	24000000	66.4249
2000000	25000000	59.8955
2000000	26000000	64.0087
2000000	27000000	66.0931
2000000	28000000	59.2246
2000000	29000000	65.0853
2000000	30000000	60.0593
2000000	31000000	52.2561
2000000	32000000	50.7654
2000000	33000000	45.8586
2000000	34000000	45.1937
2000000	35000000	38.3212
2000000	36000000	42.3592
2000000	37000000	49.1027
2000000	38000000	46.0086
2000000	39000000	44.6786
2000000	40000000	49.9932
2000000	41000000	47.6601
2000000	42000000	49.6023
2000000	43000000	37.7740
2000000	44000000	37.3606
2000000	45000000	35.9300
2000000	46000000	34.7450
2000000	47000000	43.1965
2000000	48000000	39.1330
2000000	49000000	37.8048
2000000	50000000	35.4986
2000000	51000000	37.1601
2000000	52000000	35.3664
2000000	53000000	27.6356
2000000	54000000	41.6554
2000000	55000000	36.5550
2000000	56000000	15.2349
2000000	57000000	33.6176
2000000	58000000	31.9543
2000000	59000000	31.9168
2000000	60000000	28.5486
2000000	61000000	29.1024
2000000	62000000	27.0793
2000000	63000000	31.6995
2000000	64000000	26.6848
2000000	65000000	30.2153
2000000	66000000	23.7591
2000000	67000000	27.8713
2000000	68000000	20.2979
2000000	69000000	20.0665
2000000	70000000	22.7753
2000000	71000000	29.3920
2000000	72000000	35.3642
2000000	73000000	47.2660
2000000	74000000	25.1040
2000000	75000000	23.2564
2000000	76000000	23.1277
2000000	77000000	13.1673
3000000	1000000	184.9666
3000000	2000000	872.3893
3000000	3000000	2559.0335
3000000	4000000	736.4805
3000000	5000000	199.2195
3000000	6000000	139.5754
3000000	7000000	125.8286
3000000	8000000	118.3392
3000000	9000000	110.9315
3000000	10000000	102.6121
3000000	11000000	87.1950
3000000	12000000	94.7498
3000000	13000000	106.6901
3000000	14000000	92.4711
3000000	15000000	91.3656
3000000	16000000	85.7476
3000000	17000000	98.0410
3000000	18000000	87.1980
3000000	19000000	85.4957
3000000	20000000	61.1924
3000000	21000000	25.9476
3000000	22000000	46.6123
3000000	23000000	44.7958
3000000	24000000	68.6046
3000000	25000000	56.2881
3000000	26000000	68.1819
3000000	27000000	59.3580
3000000	28000000	52.0723
3000000	29000000	56.2547
3000000	30000000	39.3515
3000000	31000000	39.0901
3000000	32000000	45.6322
3000000	33000000	42.7931
3000000	34000000	44.5677
3000000	35000000	45.2824
3000000	36000000	45.2877
3000000	37000000	45.3868
3000000	38000000	47.6490
3000000	39000000	46.5875
3000000	40000000	41.7008
3000000	41000000	36.3338
3000000	42000000	45.8573
3000000	43000000	38.6975
3000000	44000000	41.6652
3000000	45000000	36.8633
3000000	46000000	30.1007
3000000	47000000	36.6400
3000000	48000000	39.5109
3000000	49000000	35.3820
3000000	50000000	37.3447
3000000	51000000	37.0049
3000000	52000000	35.9507
3000000	53000000	26.9084
3000000	54000000	40.1480
3000000	55000000	23.7848
3000000	56000000	13.5755
3000000	57000000	30.9313
3000000	58000000	28.4367
3000000	59000000	28.3240
3000000	60000000	26.1059
3000000	61000000	25.8428
3000000	62000000	20.3107
3000000	63000000	26.0442
3000000	64000000	21.0739
3000000	65000000	22.0393
3000000	66000000	22.2955
3000000	67000000	17.9548
3000000	68000000	18.0251
3000000	69000000	19.0564
3000000	70000000	14.7657
3000000	71000000	27.5526
3000000	72000000	39.4601
3000000	73000000	37.4078
3000000	74000000	18.1239
3000000	75000000	18.5711
3000000	76000000	19.1058
3000000	77000000	14.8237
4000000	1000000	135.8436
4000000	2000000	288.4552
4000000	3000000	736.4805
4000000	4000000	2491.0681
4000000	5000000	675.7131
4000000	6000000	175.5315
4000000	7000000	144.7511
4000000	8000000	110.0283
4000000	9000000	120.0857
4000000	10000000	112.1884
4000000	11000000	103.1292
4000000	12000000	98.7747
4000000	13000000	86.0049
4000000	14000000	79.5284
4000000	15000000	76.4774
4000000	16000000	119.8591
4000000	17000000	121.0749
4000000	18000000	74.6779
4000000	19000000	75.0985
4000000	20000000	88.1055
4000000	21000000	41.1334
4000000	22000000	68.1094
4000000	23000000	63.9819
4000000	24000000	73.8851
4000000	25000000	59.3063
4000000	26000000	69.9471
4000000	27000000	66.4611
4000000	28000000	64.3251
4000000	29000000	74.0988
4000000	30000000	49.1493
4000000	31000000	47.4620
4000000	32000000	46.9637
4000000	33000000	42.5218
4000000	34000000	46.4805
4000000	35000000	48.2996
4000000	36000000	45.9851
4000000	37000000	48.1476
4000000	38000000	42.7982
4000000	39000000	42.4317
4000000	40000000	45.9508
4000000	41000000	48.3228
4000000	42000000	42.8733
4000000	43000000	43.4696
4000000	44000000	41.4816
4000000	45000000	34.5423
4000000	46000000	29.9449
4000000	47000000	40.0620
4000000	48000000	37.9632
4000000	49000000	43.2865
4000000	50000000	34.7154
4000000	51000000	33.8400
4000000	52000000	34.1200
4000000	53000000	25.5540
4000000	54000000	37.8823
4000000	55000000	25.5720
4000000	56000000	13.1313
4000000	57000000	38.8722
4000000	58000000	29.5317
4000000	59000000	27.2474
4000000	60000000	34.8467
4000000	61000000	30.4563
4000000	62000000	19.3728
4000000	63000000	30.2131
4000000	64000000	29.5092
4000000	65000000	26.6927
4000000	66000000	23.8138
4000000	67000000	22.8046
4000000	68000000	20.6096
4000000	69000000	22.8599
4000000	70000000	19.2090
4000000	71000000	21.9014
4000000	72000000	33.7664
4000000	73000000	48.2161
4000000	74000000	24.2711
4000000	75000000	15.8615
4000000	76000000	22.7721
4000000	77000000	18.4850
5000000	1000000	112.8598
5000000	2000000	183.8253
5000000	3000000	199.2195
5000000	4000000	675.7131
5000000	5000000	3295.5517
5000000	6000000	667.3249
5000000	7000000	329.0320
5000000	8000000	138.6127
5000000	9000000	161.6443
5000000	10000000	140.0370
5000000	11000000	114.0059
5000000	12000000	128.7003
5000000	13000000	103.7403
5000000	14000000	93.6345
5000000	15000000	85.5382
5000000	16000000	175.2249
5000000	17000000	129.1683
5000000	18000000	79.5864
5000000	19000000	85.5186
5000000	20000000	127.1564
5000000	21000000	53.5496
5000000	22000000	98.0115
5000000	23000000	83.4809
5000000	24000000	94.2461
5000000	25000000	65.4473
5000000	26000000	88.7873
5000000	27000000	84.8238
5000000	28000000	95.6979
5000000	29000000	97.2398
5000000	30000000	58.4646
5000000	31000000	64.2782
5000000	32000000	48.6884
5000000	33000000	40.7726
5000000	34000000	53.7109
5000000	35000000	56.6835
5000000	36000000	44.8745
5000000	37000000	52.0023
5000000	38000000	51.0931
5000000	39000000	43.8494
5000000	40000000	49.7474
5000000	41000000	61.5492
5000000	42000000	51.4113
5000000	43000000	54.5708
5000000	44000000	42.6104
5000000	45000000	38.2020
5000000	46000000	33.9000
5000000	47000000	43.5010
5000000	48000000	44.5022
5000000	49000000	51.5863
5000000	50000000	43.9060
5000000	51000000	48.8935
5000000	52000000	43.1960
5000000	53000000	43.8371
5000000	54000000	48.0000
5000000	55000000	31.1296
5000000	56000000	12.9910
5000000	57000000	44.6011
5000000	58000000	47.3442
5000000	59000000	34.5670
5000000	60000000	36.8841
5000000	61000000	36.9741
5000000	62000000	37.8186
5000000	63000000	38.7341
5000000	64000000	36.0535
5000000	65000000	39.9471
5000000	66000000	36.9753
5000000	67000000	34.7419
5000000	68000000	28.2300
5000000	69000000	28.6597
5000000	70000000	23.6203
5000000	71000000	25.9190
5000000	72000000	41.9514
5000000	73000000	59.5678
5000000	74000000	28.2016
5000000	75000000	22.4220
5000000	76000000	26.8460
5000000	77000000	18.6277
6000000	1000000	78.5961
6000000	2000000	121.1011
6000000	3000000	139.5754
6000000	4000000	175.5315
6000000	5000000	667.3249
6000000	6000000	3238.5622
6000000	7000000	905.0275
6000000	8000000	190.1806
6000000	9000000	157.8395
6000000	10000000	124.5028
6000000	11000000	111.2229
6000000	12000000	118.3491
6000000	13000000	100.5316
6000000	14000000	94.0127
6000000	15000000	85.7975
6000000	16000000	116.0096
6000000	17000000	112.5580
6000000	18000000	77.6016
6000000	19000000	87.8144
6000000	20000000	84.2085
6000000	21000000	35.5016
6000000	22000000	60.2598
6000000	23000000	57.3988
6000000	24000000	74.5990
6000000	25000000	71.4964
6000000	26000000	75.6097
6000000	27000000	72.5246
6000000	28000000	60.4338
6000000	29000000	63.8958
6000000	30000000	51.0511
6000000	31000000	46.0104
6000000	32000000	49.3838
6000000	33000000	47.7983
6000000	34000000	52.7258
6000000	35000000	52.9593
6000000	36000000	50.6257
6000000	37000000	48.6575
6000000	38000000	51.1517
6000000	39000000	47.9732
6000000	40000000	45.2522
6000000	41000000	49.2376
6000000	42000000	57.5185
6000000	43000000	48.9053
6000000	44000000	39.9954
6000000	45000000	44.1204
6000000	46000000	31.6452
6000000	47000000	42.5907
6000000	48000000	45.9959
6000000	49000000	44.7013
6000000	50000000	36.9760
6000000	51000000	44.0028
6000000	52000000	35.2682
6000000	53000000	34.2474
6000000	54000000	40.3157
6000000	55000000	30.7314
6000000	56000000	14.2253
6000000	57000000	43.8268
6000000	58000000	30.9490
6000000	59000000	32.0661
6000000	60000000	30.7138
6000000	61000000	32.8248
6000000	62000000	25.7131
6000000	63000000	35.8010
6000000	64000000	23.3797
6000000	65000000	28.2720
6000000	66000000	19.3850
6000000	67000000	25.6780
6000000	68000000	27.5646
6000000	69000000	22.0111
6000000	70000000	18.1288
6000000	71000000	24.5145
6000000	72000000	50.5110
6000000	73000000	49.6066
6000000	74000000	18.6801
6000000	75000000	22.0751
6000000	76000000	23.1442
6000000	77000000	14.4093
7000000	1000000	79.9509
7000000	2000000	124.6867
7000000	3000000	125.8286
7000000	4000000	144.7511
7000000	5000000	329.0320
7000000	6000000	905.0275
7000000	7000000	2923.6486
7000000	8000000	724.8531
7000000	9000000	356.4772
7000000	10000000	193.5269
7000000	11000000	145.2842
7000000	12000000	131.1792
7000000	13000000	117.6710
7000000	14000000	108.5198
7000000	15000000	94.9411
7000000	16000000	128.1782
7000000	17000000	134.4861
7000000	18000000	97.5718
7000000	19000000	104.3770
7000000	20000000	83.9605
7000000	21000000	28.1841
7000000	22000000	59.0007
7000000	23000000	59.7255
7000000	24000000	87.0832
7000000	25000000	66.2898
7000000	26000000	82.1362
7000000	27000000	80.0475
7000000	28000000	67.8099
7000000	29000000	63.6544
7000000	30000000	55.4469
7000000	31000000	65.1331
7000000	32000000	59.2684
7000000	33000000	49.9683
7000000	34000000	58.3701
7000000	35000000	61.2191
7000000	36000000	49.7773
7000000	37000000	61.1407
7000000	38000000	50.2445
7000000	39000000	46.7898
7000000	40000000	52.7260
7000000	41000000	54.2981
7000000	42000000	49.9864
7000000	43000000	51.1094
7000000	44000000	46.9478
7000000	45000000	46.3527
7000000	46000000	39.4725
7000000	47000000	42.7387
7000000	48000000	44.0181
7000000	49000000	50.6198
7000000	50000000	40.5023
7000000	51000000	43.7201
7000000	52000000	36.2948
7000000	53000000	31.4905
7000000	54000000	43.6520
7000000	55000000	27.9444
7000000	56000000	14.9291
7000000	57000000	36.6627
7000000	58000000	32.1727
7000000	59000000	30.8798
7000000	60000000	29.6756
7000000	61000000	27.0976
7000000	62000000	29.0910
7000000	63000000	30.1543
7000000	64000000	25.9892
7000000	65000000	29.3318
7000000	66000000	23.1362
7000000	67000000	19.9341
7000000	68000000	22.7926
7000000	69000000	18.1375
7000000	70000000	17.5670
7000000	71000000	26.6835
7000000	72000000	45.1253
7000000	73000000	42.0010
7000000	74000000	23.2586
7000000	75000000	19.0278
7000000	76000000	20.0614
7000000	77000000	14.6087
8000000	1000000	70.0665
8000000	2000000	98.4666
8000000	3000000	118.3392
8000000	4000000	110.0283
8000000	5000000	138.6127
8000000	6000000	190.1806
8000000	7000000	724.8531
8000000	8000000	3088.5555
8000000	9000000	1179.6005
8000000	10000000	271.1184
8000000	11000000	147.9254
8000000	12000000	121.4494
8000000	13000000	102.3986
8000000	14000000	112.7027
8000000	15000000	85.5646
8000000	16000000	91.9894
8000000	17000000	97.5048
8000000	18000000	79.1518
8000000	19000000	97.7913
8000000	20000000	64.5493
8000000	21000000	23.2468
8000000	22000000	50.3715
8000000	23000000	47.0724
8000000	24000000	77.3927
8000000	25000000	74.6922
8000000	26000000	77.8758
8000000	27000000	62.6771
8000000	28000000	58.1059
8000000	29000000	56.5068
8000000	30000000	46.1325
8000000	31000000	55.1637
8000000	32000000	52.6466
8000000	33000000	49.7771
8000000	34000000	53.8595
8000000	35000000	47.5373
8000000	36000000	51.9114
8000000	37000000	55.5461
8000000	38000000	55.0488
8000000	39000000	54.3755
8000000	40000000	56.1905
8000000	41000000	48.5580
8000000	42000000	56.1837
8000000	43000000	43.7435
8000000	44000000	44.2242
8000000	45000000	49.4535
8000000	46000000	34.8811
8000000	47000000	42.5112
8000000	48000000	46.6012
8000000	49000000	39.8835
8000000	50000000	41.2971
8000000	51000000	41.0116
8000000	52000000	39.3015
8000000	53000000	37.2286
8000000	54000000	41.3521
8000000	55000000	27.7814
8000000	56000000	14.1696
8000000	57000000	36.9469
8000000	58000000	26.8878
8000000	59000000	25.4171
8000000	60000000	32.7211
8000000	61000000	26.4645
8000000	62000000	22.4931
8000000	63000000	29.0789
8000000	64000000	22.3533
8000000	65000000	22.0080
8000000	66000000	23.5669
8000000	67000000	17.7511
8000000	68000000	19.1261
8000000	69000000	21.6274
8000000	70000000	13.8229
8000000	71000000	28.9277
8000000	72000000	36.8725
8000000	73000000	39.9970
8000000	74000000	18.3977
8000000	75000000	19.8945
8000000	76000000	20.0942
8000000	77000000	14.0026
9000000	1000000	79.9189
9000000	2000000	118.1450
9000000	3000000	110.9315
9000000	4000000	120.0857
9000000	5000000	161.6443
9000000	6000000	157.8395
9000000	7000000	356.4772
9000000	8000000	1179.6005
9000000	9000000	3071.1378
9000000	10000000	642.1271
9000000	11000000	211.7571
9000000	12000000	159.8454
9000000	13000000	132.5317
9000000	14000000	106.7139
9000000	15000000	84.4946
9000000	16000000	116.4957
9000000	17000000	122.5556
9000000	18000000	90.9022
9000000	19000000	91.3776
9000000	20000000	75.1384
9000000	21000000	25.7874
9000000	22000000	54.4285
9000000	23000000	54.2346
9000000	24000000	84.2170
9000000	25000000	58.5020
9000000	26000000	80.6174
9000000	27000000	67.7626
9000000	28000000	66.5708
9000000	29000000	71.0100
9000000	30000000	49.7575
9000000	31000000	55.6912
9000000	32000000	58.0669
9000000	33000000	52.9924
9000000	34000000	55.5562
9000000	35000000	49.6035
9000000	36000000	47.5582
9000000	37000000	56.9891
9000000	38000000	53.3712
9000000	39000000	56.7031
9000000	40000000	55.3322
9000000	41000000	55.6180
9000000	42000000	54.9525
9000000	43000000	50.5772
9000000	44000000	42.0137
9000000	45000000	43.9792
9000000	46000000	41.3269
9000000	47000000	52.9951
9000000	48000000	44.4317
9000000	49000000	47.0689
9000000	50000000	34.7683
9000000	51000000	44.8250
9000000	52000000	41.2184
9000000	53000000	32.0358
9000000	54000000	47.5435
9000000	55000000	32.0272
9000000	56000000	11.1826
9000000	57000000	38.1113
9000000	58000000	32.2601
9000000	59000000	30.5373
9000000	60000000	35.5685
9000000	61000000	29.7984
9000000	62000000	29.1245
9000000	63000000	31.8174
9000000	64000000	28.3040
9000000	65000000	26.5844
9000000	66000000	26.6113
9000000	67000000	21.0914
9000000	68000000	23.2067
9000000	69000000	21.9982
9000000	70000000	20.3124
9000000	71000000	29.5223
9000000	72000000	47.3772
9000000	73000000	42.3191
9000000	74000000	20.4770
9000000	75000000	20.8192
9000000	76000000	18.8895
9000000	77000000	11.2639
10000000	1000000	71.7758
10000000	2000000	112.5056
10000000	3000000	102.6121
10000000	4000000	112.1884
10000000	5000000	140.0370
10000000	6000000	124.5028
10000000	7000000	193.5269
10000000	8000000	271.1184
10000000	9000000	642.1271
10000000	10000000	2691.1834
10000000	11000000	667.9624
10000000	12000000	287.1310
10000000	13000000	170.5690
10000000	14000000	124.9456
10000000	15000000	108.0381
10000000	16000000	141.2337
10000000	17000000	121.5260
10000000	18000000	97.1962
10000000	19000000	99.0749
10000000	20000000	90.4220
10000000	21000000	33.0492
10000000	22000000	60.2874
10000000	23000000	68.1220
10000000	24000000	82.5120
10000000	25000000	69.1154
10000000	26000000	74.3823
10000000	27000000	69.2021
10000000	28000000	65.4536
10000000	29000000	78.2269
10000000	30000000	61.8432
10000000	31000000	64.6279
10000000	32000000	57.5210
10000000	33000000	55.8261
10000000	34000000	59.6444
10000000	35000000	54.2210
10000000	36000000	47.9254
10000000	37000000	55.3397
10000000	38000000	59.1049
10000000	39000000	60.1185
10000000	40000000	57.6404
10000000	41000000	55.6331
10000000	42000000	53.5148
10000000	43000000	50.8408
10000000	44000000	44.3968
10000000	45000000	44.9182
10000000	46000000	38.5219
10000000	47000000	42.2779
10000000	48000000	40.9691
10000000	49000000	46.1215
10000000	50000000	50.0149
10000000	51000000	44.3773
10000000	52000000	39.6903
10000000	53000000	31.6199
10000000	54000000	40.5624
10000000	55000000	31.4709
10000000	56000000	12.2151
10000000	57000000	41.4777
10000000	58000000	31.5739
10000000	59000000	28.7957
10000000	60000000	33.8907
10000000	61000000	29.6557
10000000	62000000	23.0963
10000000	63000000	27.2365
10000000	64000000	23.1274
10000000	65000000	25.4522
10000000	66000000	19.8143
10000000	67000000	22.2951
10000000	68000000	18.8305
10000000	69000000	17.7217
10000000	70000000	17.3683
10000000	71000000	23.0491
10000000	72000000	35.6228
10000000	73000000	51.9163
10000000	74000000	24.4802
10000000	75000000	20.6036
10000000	76000000	16.2636
10000000	77000000	12.9015
11000000	1000000	72.2582
11000000	2000000	108.4009
11000000	3000000	87.1950
11000000	4000000	103.1292
11000000	5000000	114.0059
11000000	6000000	111.2229
11000000	7000000	145.2842
11000000	8000000	147.9254
11000000	9000000	211.7571
11000000	10000000	667.9624
11000000	11000000	3224.3373
11000000	12000000	946.9609
11000000	13000000	265.5882
11000000	14000000	171.3023
11000000	15000000	132.8358
11000000	16000000	134.5577
11000000	17000000	126.0547
11000000	18000000	104.7668
11000000	19000000	100.2669
11000000	20000000	75.2578
11000000	21000000	33.6792
11000000	22000000	66.5169
11000000	23000000	62.7980
11000000	24000000	93.4370
11000000	25000000	81.5130
11000000	26000000	80.8795
11000000	27000000	71.8017
11000000	28000000	67.5601
11000000	29000000	72.8046
11000000	30000000	49.9029
11000000	31000000	60.3035
11000000	32000000	59.2529
11000000	33000000	60.0036
11000000	34000000	64.2902
11000000	35000000	60.2192
11000000	36000000	59.2049
11000000	37000000	59.4038
11000000	38000000	54.9602
11000000	39000000	53.3177
11000000	40000000	54.2755
11000000	41000000	63.0442
11000000	42000000	56.8065
11000000	43000000	53.4245
11000000	44000000	47.5127
11000000	45000000	41.9785
11000000	46000000	48.4670
11000000	47000000	55.0454
11000000	48000000	46.7618
11000000	49000000	46.6311
11000000	50000000	42.8401
11000000	51000000	48.2178
11000000	52000000	37.8444
11000000	53000000	36.0192
11000000	54000000	50.1219
11000000	55000000	32.8293
11000000	56000000	18.9495
11000000	57000000	40.5431
11000000	58000000	34.6495
11000000	59000000	29.4743
11000000	60000000	31.8132
11000000	61000000	35.7398
11000000	62000000	28.7904
11000000	63000000	30.0429
11000000	64000000	31.8526
11000000	65000000	25.8322
11000000	66000000	25.0340
11000000	67000000	21.0827
11000000	68000000	23.9142
11000000	69000000	25.3208
11000000	70000000	19.3586
11000000	71000000	28.3562
11000000	72000000	35.2055
11000000	73000000	43.8849
11000000	74000000	21.8733
11000000	75000000	21.4720
11000000	76000000	20.3932
11000000	77000000	14.0398
12000000	1000000	66.8502
12000000	2000000	109.5001
12000000	3000000	94.7498
12000000	4000000	98.7747
12000000	5000000	128.7003
12000000	6000000	118.3491
12000000	7000000	131.1792
12000000	8000000	121.4494
12000000	9000000	159.8454
12000000	10000000	287.1310
12000000	11000000	946.9609
12000000	12000000	2521.9067
12000000	13000000	840.9198
12000000	14000000	245.0047
12000000	15000000	177.3278
12000000	16000000	196.0781
12000000	17000000	146.5209
12000000	18000000	98.8740
12000000	19000000	105.8596
12000000	20000000	86.9876
12000000	21000000	36.2947
12000000	22000000	57.2887
12000000	23000000	71.1495
12000000	24000000	95.0123
12000000	25000000	68.0297
12000000	26000000	95.0416
12000000	27000000	75.5673
12000000	28000000	72.1612
12000000	29000000	79.4098
12000000	30000000	46.7057
12000000	31000000	66.0898
12000000	32000000	62.0600
12000000	33000000	55.5117
12000000	34000000	63.9508
12000000	35000000	47.7674
12000000	36000000	60.8988
12000000	37000000	64.7316
12000000	38000000	58.9667
12000000	39000000	51.4360
12000000	40000000	62.0343
12000000	41000000	65.0819
12000000	42000000	52.8248
12000000	43000000	57.2387
12000000	44000000	48.3233
12000000	45000000	47.1173
12000000	46000000	44.7279
12000000	47000000	49.2658
12000000	48000000	45.6211
12000000	49000000	50.8739
12000000	50000000	47.4395
12000000	51000000	52.9821
12000000	52000000	41.7474
12000000	53000000	36.5402
12000000	54000000	41.8412
12000000	55000000	37.5432
12000000	56000000	13.6417
12000000	57000000	46.3689
12000000	58000000	33.5206
12000000	59000000	36.2105
12000000	60000000	36.7107
12000000	61000000	31.0410
12000000	62000000	29.3058
12000000	63000000	31.9010
12000000	64000000	25.6860
12000000	65000000	24.5559
12000000	66000000	27.2337
12000000	67000000	25.8632
12000000	68000000	21.9574
12000000	69000000	22.3502
12000000	70000000	18.3740
12000000	71000000	26.2097
12000000	72000000	33.8762
12000000	73000000	55.0660
12000000	74000000	24.1625
12000000	75000000	22.5743
12000000	76000000	22.2886
12000000	77000000	17.1324
13000000	1000000	54.4086
13000000	2000000	112.4873
13000000	3000000	106.6901
13000000	4000000	86.0049
13000000	5000000	103.7403
13000000	6000000	100.5316
13000000	7000000	117.6710
13000000	8000000	102.3986
13000000	9000000	132.5317
13000000	10000000	170.5690
13000000	11000000	265.5882
13000000	12000000	840.9198
13000000	13000000	2662.4471
13000000	14000000	967.2619
13000000	15000000	337.2033
13000000	16000000	195.9233
13000000	17000000	151.1514
13000000	18000000	111.3552
13000000	19000000	125.4575
13000000	20000000	71.1094
13000000	21000000	30.2763
13000000	22000000	54.8485
13000000	23000000	64.2427
13000000	24000000	91.5301
13000000	25000000	83.3966
13000000	26000000	83.1335
13000000	27000000	68.6487
13000000	28000000	63.9768
13000000	29000000	70.0143
13000000	30000000	53.2409
13000000	31000000	55.5123
13000000	32000000	64.7404
13000000	33000000	57.8088
13000000	34000000	65.8470
13000000	35000000	55.2258
13000000	36000000	56.3530
13000000	37000000	60.9905
13000000	38000000	59.7002
13000000	39000000	62.5885
13000000	40000000	57.6804
13000000	41000000	58.1840
13000000	42000000	59.8222
13000000	43000000	59.0903
13000000	44000000	47.9158
13000000	45000000	49.4713
13000000	46000000	42.6247
13000000	47000000	51.2705
13000000	48000000	45.9182
13000000	49000000	48.3801
13000000	50000000	47.8738
13000000	51000000	50.5893
13000000	52000000	38.9615
13000000	53000000	33.8214
13000000	54000000	44.8344
13000000	55000000	36.8002
13000000	56000000	15.3234
13000000	57000000	40.2208
13000000	58000000	32.4308
13000000	59000000	29.4980
13000000	60000000	30.5591
13000000	61000000	26.5058
13000000	62000000	24.8382
13000000	63000000	31.1966
13000000	64000000	20.7324
13000000	65000000	21.7856
13000000	66000000	23.5493
13000000	67000000	19.0578
13000000	68000000	25.5711
13000000	69000000	17.9184
13000000	70000000	15.3122
13000000	71000000	28.5268
13000000	72000000	41.4451
13000000	73000000	35.9247
13000000	74000000	23.0556
13000000	75000000	18.5473
13000000	76000000	20.1455
13000000	77000000	14.6889
14000000	1000000	51.9094
14000000	2000000	94.3244
14000000	3000000	92.4711
14000000	4000000	79.5284
14000000	5000000	93.6345
14000000	6000000	94.0127
14000000	7000000	108.5198
14000000	8000000	112.7027
14000000	9000000	106.7139
14000000	10000000	124.9456
14000000	11000000	171.3023
14000000	12000000	245.0047
14000000	13000000	967.2619
14000000	14000000	2645.7569
14000000	15000000	794.0823
14000000	16000000	267.2583
14000000	17000000	162.1126
14000000	18000000	123.6752
14000000	19000000	118.6997
14000000	20000000	63.6211
14000000	21000000	24.1229
14000000	22000000	47.7105
14000000	23000000	59.7571
14000000	24000000	86.3010
14000000	25000000	80.9024
14000000	26000000	72.1907
14000000	27000000	68.8487
14000000	28000000	59.7468
14000000	29000000	65.4983
14000000	30000000	53.6519
14000000	31000000	55.1411
14000000	32000000	60.2396
14000000	33000000	53.7386
14000000	34000000	70.7729
14000000	35000000	57.6261
14000000	36000000	50.8089
14000000	37000000	63.5342
14000000	38000000	56.6954
14000000	39000000	51.8124
14000000	40000000	57.6275
14000000	41000000	57.0719
14000000	42000000	55.1436
14000000	43000000	48.3938
14000000	44000000	52.5635
14000000	45000000	43.7549
14000000	46000000	41.8869
14000000	47000000	46.8664
14000000	48000000	42.1622
14000000	49000000	52.1271
14000000	50000000	41.5589
14000000	51000000	48.1133
14000000	52000000	38.4407
14000000	53000000	27.7758
14000000	54000000	38.4981
14000000	55000000	26.7944
14000000	56000000	11.1819
14000000	57000000	37.1190
14000000	58000000	26.3016
14000000	59000000	23.8631
14000000	60000000	36.2485
14000000	61000000	22.7700
14000000	62000000	24.9751
14000000	63000000	24.2958
14000000	64000000	20.7489
14000000	65000000	19.9247
14000000	66000000	19.0780
14000000	67000000	19.1665
14000000	68000000	17.5003
14000000	69000000	19.7207
14000000	70000000	17.0749
14000000	71000000	28.5351
14000000	72000000	39.4285
14000000	73000000	46.3876
14000000	74000000	18.4041
14000000	75000000	21.0597
14000000	76000000	21.3424
14000000	77000000	13.8294
15000000	1000000	51.6360
15000000	2000000	80.3151
15000000	3000000	91.3656
15000000	4000000	76.4774
15000000	5000000	85.5382
15000000	6000000	85.7975
15000000	7000000	94.9411
15000000	8000000	85.5646
15000000	9000000	84.4946
15000000	10000000	108.0381
15000000	11000000	132.8358
15000000	12000000	177.3278
15000000	13000000	337.2033
15000000	14000000	794.0823
15000000	15000000	1991.4162
15000000	16000000	444.9692
15000000	17000000	169.4443
15000000	18000000	118.9887
15000000	19000000	119.2915
15000000	20000000	58.9060
15000000	21000000	24.0272
15000000	22000000	40.3268
15000000	23000000	50.3918
15000000	24000000	83.1115
15000000	25000000	82.9940
15000000	26000000	65.0221
15000000	27000000	69.0107
15000000	28000000	45.7719
15000000	29000000	60.4207
15000000	30000000	46.5242
15000000	31000000	49.8785
15000000	32000000	63.0618
15000000	33000000	50.4871
15000000	34000000	53.1559
15000000	35000000	50.8141
15000000	36000000	50.0263
15000000	37000000	49.4872
15000000	38000000	58.7447
15000000	39000000	53.6228
15000000	40000000	54.9841
15000000	41000000	50.5185
15000000	42000000	47.7047
15000000	43000000	46.0370
15000000	44000000	41.5205
15000000	45000000	35.0536
15000000	46000000	38.3177
15000000	47000000	38.2057
15000000	48000000	42.9744
15000000	49000000	39.3198
15000000	50000000	35.7704
15000000	51000000	50.9390
15000000	52000000	33.5269
15000000	53000000	23.5491
15000000	54000000	33.8078
15000000	55000000	27.7671
15000000	56000000	15.5876
15000000	57000000	35.5660
15000000	58000000	23.7335
15000000	59000000	26.3221
15000000	60000000	25.9846
15000000	61000000	22.2632
15000000	62000000	21.9068
15000000	63000000	20.2243
15000000	64000000	21.6323
15000000	65000000	20.6131
15000000	66000000	17.8041
15000000	67000000	15.5884
15000000	68000000	16.3362
15000000	69000000	15.6966
15000000	70000000	12.6548
15000000	71000000	25.6460
15000000	72000000	37.1487
15000000	73000000	42.3633
15000000	74000000	15.6927
15000000	75000000	18.2092
15000000	76000000	18.5316
15000000	77000000	13.2152
16000000	1000000	79.0928
16000000	2000000	106.8280
16000000	3000000	85.7476
16000000	4000000	119.8591
16000000	5000000	175.2249
16000000	6000000	116.0096
16000000	7000000	128.1782
16000000	8000000	91.9894
16000000	9000000	116.4957
16000000	10000000	141.2337
16000000	11000000	134.5577
16000000	12000000	196.0781
16000000	13000000	195.9233
16000000	14000000	267.2583
16000000	15000000	444.9692
16000000	16000000	3975.5609
16000000	17000000	754.8818
16000000	18000000	129.6982
16000000	19000000	143.0830
16000000	20000000	216.7679
16000000	21000000	89.2043
16000000	22000000	142.7753
16000000	23000000	116.7169
16000000	24000000	118.2751
16000000	25000000	64.8377
16000000	26000000	124.9304
16000000	27000000	99.7496
16000000	28000000	117.9354
16000000	29000000	110.3446
16000000	30000000	57.0274
16000000	31000000	92.0204
16000000	32000000	65.0446
16000000	33000000	52.2575
16000000	34000000	59.8656
16000000	35000000	61.6683
16000000	36000000	54.4781
16000000	37000000	68.6640
16000000	38000000	48.4645
16000000	39000000	56.2959
16000000	40000000	57.3080
16000000	41000000	82.9221
16000000	42000000	77.7575
16000000	43000000	64.6871
16000000	44000000	58.3005
16000000	45000000	51.0835
16000000	46000000	42.6399
16000000	47000000	54.9549
16000000	48000000	43.5964
16000000	49000000	67.2638
16000000	50000000	54.3088
16000000	51000000	50.7366
16000000	52000000	54.2165
16000000	53000000	53.7869
16000000	54000000	54.4056
16000000	55000000	29.7834
16000000	56000000	17.8641
16000000	57000000	59.7308
16000000	58000000	54.9495
16000000	59000000	48.0512
16000000	60000000	42.2638
16000000	61000000	47.0845
16000000	62000000	41.9467
16000000	63000000	54.7005
16000000	64000000	41.3323
16000000	65000000	37.9112
16000000	66000000	35.5958
16000000	67000000	38.0294
16000000	68000000	31.7632
16000000	69000000	28.7066
16000000	70000000	24.2706
16000000	71000000	33.8727
16000000	72000000	46.7927
16000000	73000000	69.8311
16000000	74000000	32.0747
16000000	75000000	26.0359
16000000	76000000	26.7646
16000000	77000000	23.9555
17000000	1000000	65.7198
17000000	2000000	94.5130
17000000	3000000	98.0410
17000000	4000000	121.0749
17000000	5000000	129.1683
17000000	6000000	112.5580
17000000	7000000	134.4861
17000000	8000000	97.5048
17000000	9000000	122.5556
17000000	10000000	121.5260
17000000	11000000	126.0547
17000000	12000000	146.5209
17000000	13000000	151.1514
17000000	14000000	162.1126
17000000	15000000	169.4443
17000000	16000000	754.8818
17000000	17000000	2853.0215
17000000	18000000	836.2247
17000000	19000000	426.8033
17000000	20000000	326.2299
17000000	21000000	71.6756
17000000	22000000	107.7528
17000000	23000000	113.5932
17000000	24000000	138.8167
17000000	25000000	99.8990
17000000	26000000	114.0123
17000000	27000000	110.3755
17000000	28000000	108.5795
17000000	29000000	107.3931
17000000	30000000	81.0955
17000000	31000000	97.0289
17000000	32000000	81.9696
17000000	33000000	65.3874
17000000	34000000	80.7508
17000000	35000000	72.4041
17000000	36000000	74.3211
17000000	37000000	74.8798
17000000	38000000	71.5688
17000000	39000000	73.4301
17000000	40000000	66.8719
17000000	41000000	81.2903
17000000	42000000	82.9690
17000000	43000000	72.9316
17000000	44000000	67.8726
17000000	45000000	59.7095
17000000	46000000	57.1191
17000000	47000000	65.2147
17000000	48000000	52.8145
17000000	49000000	62.4297
17000000	50000000	55.0071
17000000	51000000	61.7643
17000000	52000000	47.9342
17000000	53000000	47.9699
17000000	54000000	52.5379
17000000	55000000	33.2260
17000000	56000000	17.6283
17000000	57000000	55.4520
17000000	58000000	47.1170
17000000	59000000	43.6631
17000000	60000000	43.2789
17000000	61000000	39.0309
17000000	62000000	30.8091
17000000	63000000	36.7709
17000000	64000000	28.9911
17000000	65000000	36.4553
17000000	66000000	26.0304
17000000	67000000	27.3043
17000000	68000000	25.2888
17000000	69000000	23.9328
17000000	70000000	21.6999
17000000	71000000	29.2855
17000000	72000000	50.3432
17000000	73000000	47.1608
17000000	74000000	23.7154
17000000	75000000	21.8358
17000000	76000000	23.2769
17000000	77000000	17.3068
18000000	1000000	52.9842
18000000	2000000	71.7876
18000000	3000000	87.1980
18000000	4000000	74.6779
18000000	5000000	79.5864
18000000	6000000	77.6016
18000000	7000000	97.5718
18000000	8000000	79.1518
18000000	9000000	90.9022
18000000	10000000	97.1962
18000000	11000000	104.7668
18000000	12000000	98.8740
18000000	13000000	111.3552
18000000	14000000	123.6752
18000000	15000000	118.9887
18000000	16000000	129.6982
18000000	17000000	836.2247
18000000	18000000	2100.6435
18000000	19000000	901.4960
18000000	20000000	212.1125
18000000	21000000	31.9132
18000000	22000000	45.9969
18000000	23000000	62.0742
18000000	24000000	94.2405
18000000	25000000	93.5085
18000000	26000000	81.1492
18000000	27000000	73.6475
18000000	28000000	55.5719
18000000	29000000	64.4989
18000000	30000000	59.1262
18000000	31000000	63.3573
18000000	32000000	67.7693
18000000	33000000	69.2886
18000000	34000000	74.5377
18000000	35000000	65.2118
18000000	36000000	64.3643
18000000	37000000	68.1456
18000000	38000000	67.7843
18000000	39000000	68.4221
18000000	40000000	73.5102
18000000	41000000	59.5428
18000000	42000000	55.9398
18000000	43000000	52.2398
18000000	44000000	57.4044
18000000	45000000	58.9020
18000000	46000000	44.7952
18000000	47000000	53.2786
18000000	48000000	51.4661
18000000	49000000	44.9135
18000000	50000000	37.1201
18000000	51000000	49.7685
18000000	52000000	39.4295
18000000	53000000	27.7771
18000000	54000000	41.0342
18000000	55000000	31.6278
18000000	56000000	15.5190
18000000	57000000	43.1557
18000000	58000000	28.6466
18000000	59000000	30.5558
18000000	60000000	34.5793
18000000	61000000	27.9203
18000000	62000000	19.3925
18000000	63000000	24.7312
18000000	64000000	22.0565
18000000	65000000	19.3878
18000000	66000000	16.4178
18000000	67000000	18.0113
18000000	68000000	15.9443
18000000	69000000	17.0512
18000000	70000000	14.8187
18000000	71000000	19.1690
18000000	72000000	35.9735
18000000	73000000	37.4014
18000000	74000000	17.0844
18000000	75000000	19.4122
18000000	76000000	16.6669
18000000	77000000	16.5704
19000000	1000000	47.1640
19000000	2000000	82.6284
19000000	3000000	85.4957
19000000	4000000	75.0985
19000000	5000000	85.5186
19000000	6000000	87.8144
19000000	7000000	104.3770
19000000	8000000	97.7913
19000000	9000000	91.3776
19000000	10000000	99.0749
19000000	11000000	100.2669
19000000	12000000	105.8596
19000000	13000000	125.4575
19000000	14000000	118.6997
19000000	15000000	119.2915
19000000	16000000	143.0830
19000000	17000000	426.8033
19000000	18000000	901.4960
19000000	19000000	2620.6842
19000000	20000000	502.2302
19000000	21000000	42.8226
19000000	22000000	63.2757
19000000	23000000	77.5675
19000000	24000000	111.7193
19000000	25000000	101.4990
19000000	26000000	89.5663
19000000	27000000	78.8323
19000000	28000000	74.7558
19000000	29000000	84.1142
19000000	30000000	53.9611
19000000	31000000	64.7065
19000000	32000000	81.2244
19000000	33000000	64.8845
19000000	34000000	68.6242
19000000	35000000	67.1010
19000000	36000000	64.2574
19000000	37000000	70.4928
19000000	38000000	73.8856
19000000	39000000	64.9880
19000000	40000000	71.5760
19000000	41000000	60.4671
19000000	42000000	65.7890
19000000	43000000	62.0231
19000000	44000000	58.7487
19000000	45000000	54.4903
19000000	46000000	43.0194
19000000	47000000	54.8135
19000000	48000000	56.5020
19000000	49000000	57.5944
19000000	50000000	44.6210
19000000	51000000	49.4708
19000000	52000000	44.7015
19000000	53000000	36.1502
19000000	54000000	45.1496
19000000	55000000	42.9004
19000000	56000000	18.0398
19000000	57000000	39.2922
19000000	58000000	30.2611
19000000	59000000	27.5185
19000000	60000000	29.4973
19000000	61000000	30.4901
19000000	62000000	25.1161
19000000	63000000	28.9783
19000000	64000000	26.1047
19000000	65000000	18.9596
19000000	66000000	19.4450
19000000	67000000	17.5823
19000000	68000000	15.3627
19000000	69000000	20.2934
19000000	70000000	17.5210
19000000	71000000	28.2145
19000000	72000000	28.4967
19000000	73000000	41.4204
19000000	74000000	21.5983
19000000	75000000	20.0011
19000000	76000000	21.6192
19000000	77000000	13.6174
20000000	1000000	64.3772
20000000	2000000	71.0357
20000000	3000000	61.1924
20000000	4000000	88.1055
20000000	5000000	127.1564
20000000	6000000	84.2085
20000000	7000000	83.9605
20000000	8000000	64.5493
20000000	9000000	75.1384
20000000	10000000	90.4220
20000000	11000000	75.2578
20000000	12000000	86.9876
20000000	13000000	71.1094
20000000	14000000	63.6211
20000000	15000000	58.9060
20000000	16000000	216.7679
20000000	17000000	326.2299
20000000	18000000	212.1125
20000000	19000000	502.2302
20000000	20000000	3113.0426
20000000	21000000	236.5250
20000000	22000000	191.3861
20000000	23000000	126.5357
20000000	24000000	115.1904
20000000	25000000	55.6149
20000000	26000000	105.7991
20000000	27000000	95.7229
20000000	28000000	117.0293
20000000	29000000	112.9459
20000000	30000000	58.6593
20000000	31000000	76.3742
20000000	32000000	52.9929
20000000	33000000	39.2658
20000000	34000000	51.3432
20000000	35000000	53.9422
20000000	36000000	44.6710
20000000	37000000	51.8374
20000000	38000000	42.3210
20000000	39000000	45.6876
20000000	40000000	51.2278
20000000	41000000	79.5848
20000000	42000000	78.4476
20000000	43000000	54.2469
20000000	44000000	48.4508
20000000	45000000	40.9089
20000000	46000000	34.9008
20000000	47000000	54.2780
20000000	48000000	39.5176
20000000	49000000	54.5971
20000000	50000000	45.3344
20000000	51000000	43.5298
20000000	52000000	46.1290
20000000	53000000	64.1155
20000000	54000000	61.7583
20000000	55000000	26.4233
20000000	56000000	10.7768
20000000	57000000	54.1111
20000000	58000000	64.4224
20000000	59000000	47.5969
20000000	60000000	39.2622
20000000	61000000	44.0873
20000000	62000000	51.7439
20000000	63000000	44.6898
20000000	64000000	48.4534
20000000	65000000	37.5576
20000000	66000000	39.1174
20000000	67000000	42.1752
20000000	68000000	35.1612
20000000	69000000	33.8829
20000000	70000000	26.9750
20000000	71000000	22.9264
20000000	72000000	45.9329
20000000	73000000	58.6206
20000000	74000000	32.2245
20000000	75000000	28.1782
20000000	76000000	19.6644
20000000	77000000	21.0888
21000000	1000000	19.5474
21000000	2000000	27.8378
21000000	3000000	25.9476
21000000	4000000	41.1334
21000000	5000000	53.5496
21000000	6000000	35.5016
21000000	7000000	28.1841
21000000	8000000	23.2468
21000000	9000000	25.7874
21000000	10000000	33.0492
21000000	11000000	33.6792
21000000	12000000	36.2947
21000000	13000000	30.2763
21000000	14000000	24.1229
21000000	15000000	24.0272
21000000	16000000	89.2043
21000000	17000000	71.6756
21000000	18000000	31.9132
21000000	19000000	42.8226
21000000	20000000	236.5250
